1.607196853855920315e+09
1.607196856245583773e+09
1.607196856328362703e+09
1.607196856387206554e+09
1.607196856450037241e+09
1.607196856515861511e+09
1.607196856579691410e+09
1.607196856660474777e+09
1.607196856727326155e+09
1.607196856787136078e+09
1.607196856850965500e+09
1.607196856914794922e+09
1.607196856982613564e+09
1.607196857058411360e+09
1.607196857123237610e+09
1.607196857187067032e+09
1.607196857253895521e+09
1.607196857315239906e+09
1.607196857395032644e+09
1.607196857458860636e+09
1.607196857523686886e+09
1.607196857586519241e+09
1.607196857650348186e+09
1.607196857737121105e+09
1.607196857794477940e+09
1.607196857858306885e+09
1.607196857922645569e+09
1.607196857987472296e+09
1.607196858050303221e+09
1.607196858131087780e+09
1.607196858194917679e+09
1.607196858260741711e+09
1.607196858322576284e+09
1.607196858391392946e+09
1.607196858466200829e+09
1.607196858531019688e+09
1.607196858594848394e+09
1.607196858658677816e+09
1.607196858725499392e+09
1.607196858787333965e+09
1.607196858866122484e+09
1.607196858930954218e+09
1.607196858995780706e+09
1.607196859059609890e+09
1.607196859122442007e+09
1.607196859203228235e+09
1.607196859267058372e+09
1.607196859331884861e+09
1.607196859397709131e+09
1.607196859459543705e+09
1.607196859538332701e+09
1.607196859603159189e+09
1.607196859669978857e+09
1.607196859731815577e+09
1.607196859798637390e+09
1.607196859859474182e+09
1.607196859940258503e+09
1.607196860003090620e+09
1.607196860066920280e+09
1.607196860132753849e+09
1.607196860194578409e+09
1.607196860274872541e+09
1.607196860339207888e+09
1.607196860404034853e+09
1.607196860466866732e+09
1.607196860530699730e+09
1.607196860594529390e+09
1.607196860675313950e+09
1.607196860739146233e+09
1.607196860805967093e+09
1.607196860867313623e+09
1.607196860930669069e+09
1.607196861010976315e+09
1.607196861077785969e+09
1.607196861139132500e+09
1.607196861209943295e+09
1.607196861267788172e+09
1.607196861346577644e+09
1.607196861410407782e+09
1.607196861475233793e+09
1.607196861540060520e+09
1.607196861602893114e+09
1.607196861666722059e+09
1.607196861746509075e+09
1.607196861812331200e+09
1.607196861874167442e+09
1.607196861938993454e+09
1.607196862003820896e+09
1.607196862082121372e+09
1.607196862147950411e+09
1.607196862214771509e+09
1.607196862274615288e+09
1.607196862338444471e+09
1.607196862402274132e+09
1.607196862484058380e+09
1.607196862547398806e+09
1.607196862614220381e+09
1.607196862675567627e+09
1.607196862738909006e+09
1.607196862818694830e+09
1.607196862887028217e+09
1.607196862948863268e+09
1.607196863010698318e+09
1.607196863075525045e+09
1.607196863155311584e+09
1.607196863221135378e+09
1.607196863283965588e+09
1.607196863346798897e+09
1.607196863410629272e+09
1.607196863474458218e+09
1.607196863555242062e+09
1.607196863625055790e+09
1.607196863683898211e+09
1.607196863746237755e+09
1.607196863811065197e+09
1.607196863894844770e+09
1.607196863955686331e+09
1.607196864019536734e+09
1.607196864082347870e+09
1.607196864147184610e+09
1.607196864212007523e+09
1.607196864292300701e+09
1.607196864354644060e+09
1.607196864419470787e+09
1.607196864483808756e+09
1.607196864549143076e+09
1.607196864628930807e+09
1.607196864690766096e+09
1.607196864754594803e+09
1.607196864818424225e+09
1.607196864883251667e+09
1.607196864963037729e+09
1.607196865033848524e+09
1.607196865091693878e+09
1.607196865154525995e+09
1.607196865219352484e+09
1.607196865285176039e+09
1.607196865364961863e+09
1.607196865427795172e+09
1.607196865490742445e+09
1.607196865555079699e+09
1.607196865618909597e+09
1.607196865698700428e+09
1.607196865762534142e+09
1.607196865827361345e+09
1.607196865891190529e+09
1.607196865954651117e+09
1.607196866019476891e+09
1.607196866099268198e+09
1.607196866162611246e+09
1.607196866226440430e+09
1.607196866293770552e+09
1.607196866355126381e+09
1.607196866434913397e+09
1.607196866499740362e+09
1.607196866563569069e+09
1.607196866627398968e+09
1.607196866697212219e+09
1.607196866771013975e+09
1.607196866834844351e+09
1.607196866898673773e+09
1.607196866964497089e+09
1.607196867027329445e+09
1.607196867097142935e+09
1.607196867170944929e+09
1.607196867234775066e+09
1.607196867302105427e+09
1.607196867362946272e+09
1.607196867426775694e+09
1.607196867506566763e+09
1.607196867570394993e+09
1.607196867636218309e+09
1.607196867702048779e+09
1.607196867763394833e+09
1.607196867842184544e+09
1.607196867908518314e+09
1.607196867971857071e+09
1.607196868034689426e+09
1.607196868103505373e+09
1.607196868162348747e+09
1.607196868243131638e+09
1.607196868306962013e+09
1.607196868373782873e+09
1.607196868434620380e+09
1.607196868503436089e+09
1.607196868578235626e+09
1.607196868643062830e+09
1.607196868706892252e+09
1.607196868774711847e+09
1.607196868837541819e+09
1.607196868898887157e+09
1.607196868987133265e+09
1.607196869042985678e+09
1.607196869107816219e+09
1.607196869170651913e+09
1.607196869235478878e+09
1.607196869317259789e+09
1.607196869379099607e+09
1.607196869442936897e+09
1.607196869506758928e+09
1.607196869571095705e+09
1.607196869650884151e+09
1.607196869719699383e+09
1.607196869778542042e+09
1.607196869842371702e+09
1.607196869908195496e+09
1.607196869972025156e+09
1.607196870051812172e+09
1.607196870114643812e+09
1.607196870178472996e+09
1.607196870242302895e+09
1.607196870308126688e+09
1.607196870386915922e+09
1.607196870450745106e+09
1.607196870515081167e+09
1.607196870578914881e+09
1.607196870644738913e+09
1.607196870707574606e+09
1.607196870786365032e+09
1.607196870850193739e+09
1.607196870915024996e+09
1.607196870979363441e+09
1.607196871044189930e+09
1.607196871127475739e+09
1.607196871186824560e+09
1.607196871250653744e+09
1.607196871314992189e+09
1.607196871383806229e+09
1.607196871458607912e+09
1.607196871523434162e+09
1.607196871589258432e+09
1.607196871651093006e+09
1.607196871714922428e+09
1.607196871782741070e+09
1.607196871858538866e+09
1.607196871923365355e+09
1.607196871986196280e+09
1.607196872051024675e+09
1.607196872115850687e+09
1.607196872194151163e+09
1.607196872260972261e+09
1.607196872323808908e+09
1.607196872386645317e+09
1.607196872451471806e+09
1.607196872519290924e+09
1.607196872594094992e+09
1.607196872662910700e+09
1.607196872722262859e+09
1.607196872787611246e+09
1.607196872851440668e+09
1.607196872931736231e+09
1.607196872995090961e+09
1.607196873059905052e+09
1.607196873122736692e+09
1.607196873189557791e+09
1.607196873267349482e+09
1.607196873331178904e+09
1.607196873395020008e+09
1.607196873458837748e+09
1.607196873522666931e+09
1.607196873586497068e+09
1.607196873670272827e+09
1.607196873731109858e+09
1.607196873794939041e+09
1.607196873859766006e+09
1.607196873923105955e+09
1.607196874002897978e+09
1.607196874071713448e+09
1.607196874130561590e+09
1.607196874196384430e+09
1.607196874260212421e+09
1.607196874324043036e+09
1.607196874402358770e+09
1.607196874468183279e+09
1.607196874531523943e+09
1.607196874595859051e+09
1.607196874658691168e+09
1.607196874739984989e+09
1.607196874802816868e+09
1.607196874866646051e+09
1.607196874932470083e+09
1.607196874995300293e+09
1.607196875078081131e+09
1.607196875138917923e+09
1.607196875202747583e+09
1.607196875267573833e+09
1.607196875330406427e+09
1.607196875395232439e+09
1.607196875475018978e+09
1.607196875538848877e+09
1.607196875605670214e+09
1.607196875668502569e+09
1.607196875731337786e+09
1.607196875810126305e+09
1.607196875874954224e+09
1.607196875939789772e+09
1.607196876002621174e+09
1.607196876067446470e+09
1.607196876130789042e+09
1.607196876211084366e+09
1.607196876274914265e+09
1.607196876341735125e+09
1.607196876402572870e+09
1.607196876470391273e+09
1.607196876547198772e+09
1.607196876611015320e+09
1.607196876675842285e+09
1.607196876738674402e+09
1.607196876804498196e+09
1.607196876883288383e+09
1.607196876946119785e+09
1.607196877010946751e+09
1.607196877074775457e+09
1.607196877138116121e+09
1.607196877202943087e+09
1.607196877282733917e+09
1.607196877348562241e+09
1.607196877412391424e+09
1.607196877477217436e+09
1.607196877539055347e+09
1.607196877619353056e+09
1.607196877683181763e+09
1.607196877751419067e+09
1.607196877810781240e+09
1.607196877878589392e+09
1.607196877938937187e+09
1.607196878018236876e+09
1.607196878083071947e+09
1.607196878146892548e+09
1.607196878211719513e+09
1.607196878274551392e+09
1.607196878358327389e+09
1.607196878419163704e+09
1.607196878482993841e+09
1.607196878546823740e+09
1.607196878610652924e+09
1.607196878693430424e+09
1.607196878754268885e+09
1.607196878819095612e+09
1.607196878884918928e+09
1.607196878946757793e+09
1.607196879013578892e+09
1.607196879090378046e+09
1.607196879155204773e+09
1.607196879219033957e+09
1.607196879283012867e+09
1.607196879348349333e+09
1.607196879428641081e+09
1.607196879490476847e+09
1.607196879554815292e+09
1.607196879618644714e+09
1.607196879683470011e+09
1.607196879762259960e+09
1.607196879827087164e+09
1.607196879891914129e+09
1.607196879954746485e+09
1.607196880021567345e+09
1.607196880083401918e+09
1.607196880163188696e+09
1.607196880228015661e+09
1.607196880291844845e+09
1.607196880355674267e+09
1.607196880419503689e+09
1.607196880498801708e+09
1.607196880564135790e+09
1.607196880626967907e+09
1.607196880690801620e+09
1.607196880754634857e+09
1.607196880818464041e+09
1.607196880900245428e+09
1.607196880964079142e+09
1.607196881027907133e+09
1.607196881092242241e+09
1.607196881154076338e+09
1.607196881234861612e+09
1.607196881298690796e+09
1.607196881363517523e+09
1.607196881426349878e+09
1.607196881491176128e+09
1.607196881571960688e+09
1.607196881636786938e+09
1.607196881698621750e+09
1.607196881764446020e+09
1.607196881827276707e+09
1.607196881891107559e+09
1.607196881970894098e+09
1.607196882035720587e+09
1.607196882100057125e+09
1.607196882162892103e+09
1.607196882226722240e+09
1.607196882309504032e+09
1.607196882371339798e+09
1.607196882437163830e+09
1.607196882499621153e+09
1.607196882562456131e+09
1.607196882627282381e+09
1.607196882708066702e+09
1.607196882770899534e+09
1.607196882834728718e+09
1.607196882900552750e+09
1.607196882963383913e+09
1.607196883043185234e+09
1.607196883107996941e+09
1.607196883170829296e+09
1.607196883234659433e+09
1.607196883298488379e+09
1.607196883379272223e+09
1.607196883446093798e+09
1.607196883507928610e+09
1.607196883574256420e+09
1.607196883635095596e+09
1.607196883698926687e+09
1.607196883778718472e+09
1.607196883842548132e+09
1.607196883906377077e+09
1.607196883971205950e+09
1.607196884036032438e+09
1.607196884115329742e+09
1.607196884181661606e+09
1.607196884247485638e+09
1.607196884307832479e+09
1.607196884371168852e+09
1.607196884435995817e+09
1.607196884514785290e+09
1.607196884581607103e+09
1.607196884650424242e+09
1.607196884707271338e+09
1.607196884775088787e+09
1.607196884853879213e+09
1.607196884914717197e+09
1.607196884978546619e+09
1.607196885042375565e+09
1.607196885106204987e+09
1.607196885188984394e+09
1.607196885250818729e+09
1.607196885314859867e+09
1.607196885381190538e+09
1.607196885443026066e+09
1.607196885508852720e+09
1.607196885586649179e+09
1.607196885651475668e+09
1.607196885715304852e+09
1.607196885783127546e+09
1.607196885843965292e+09
1.607196885923262835e+09
1.607196885986603260e+09
1.607196886050434589e+09
1.607196886114770174e+09
1.607196886179106712e+09
1.607196886242935658e+09
1.607196886323720455e+09
1.607196886389542818e+09
1.607196886450394154e+09
1.607196886518200874e+09
1.607196886580034494e+09
1.607196886658824682e+09
1.607196886722653866e+09
1.607196886791469812e+09
1.607196886851310015e+09
1.607196886915138960e+09
1.607196886994926691e+09
1.607196887058754921e+09
1.607196887124091625e+09
1.607196887186928034e+09
1.607196887250757694e+09
1.607196887315589666e+09
1.607196887395376205e+09
1.607196887460206270e+09
1.607196887524037123e+09
1.607196887587379217e+09
1.607196887650210381e+09
1.607196887731504440e+09
1.607196887798833370e+09
1.607196887858673573e+09
1.607196887925494671e+09
1.607196887986332178e+09
1.607196888051158428e+09
1.607196888132940292e+09
1.607196888194775105e+09
1.607196888259602070e+09
1.607196888322434187e+09
1.607196888388257742e+09
1.607196888467047453e+09
1.607196888530876875e+09
1.607196888594705820e+09
1.607196888658536434e+09
1.607196888722870827e+09
1.607196888807156086e+09
1.607196888867004633e+09
1.607196888932823181e+09
1.607196888995659113e+09
1.607196889059487581e+09
1.607196889123317003e+09
1.607196889203108311e+09
1.607196889267935038e+09
1.607196889330767155e+09
1.607196889395105124e+09
1.607196889461926460e+09
1.607196889538721323e+09
1.607196889603547812e+09
1.607196889666379690e+09
1.607196889731206417e+09
1.607196889795037270e+09
1.607196889859862804e+09
1.607196889939649343e+09
1.607196890002481937e+09
1.607196890068305492e+09
1.607196890131137133e+09
1.607196890194967270e+09
1.607196890274753809e+09
1.607196890343077183e+09
1.607196890402922392e+09
1.607196890470741510e+09
1.607196890530586004e+09
1.607196890611370564e+09
1.607196890676196575e+09
1.607196890739032269e+09
1.607196890803369761e+09
1.607196890868196011e+09
1.607196890931550026e+09
1.607196891010848999e+09
1.607196891074677944e+09
1.607196891139022827e+09
1.607196891202845812e+09
1.607196891266674995e+09
1.607196891348455906e+09
1.607196891410290956e+09
1.607196891477112293e+09
1.607196891538947105e+09
1.607196891602776289e+09
1.607196891667603731e+09
1.607196891747389793e+09
1.607196891812216282e+09
1.607196891875048161e+09
1.607196891939875603e+09
1.607196892004213095e+09
1.607196892083001375e+09
1.607196892146831989e+09
1.607196892210665226e+09
1.607196892275492191e+09
1.607196892339321613e+09
1.607196892419113398e+09
1.607196892483938456e+09
1.607196892546771765e+09
1.607196892610111475e+09
1.607196892674938440e+09
1.607196892738768578e+09
1.607196892819552422e+09
1.607196892887371302e+09
1.607196892948208809e+09
1.607196893012037992e+09
1.607196893074870348e+09
1.607196893154670238e+09
1.607196893220481396e+09
1.607196893282321215e+09
1.607196893347142220e+09
1.607196893414960384e+09
1.607196893490758181e+09
1.607196893555097103e+09
1.607196893618928432e+09
1.607196893685749769e+09
1.607196893747584105e+09
1.607196893810417891e+09
1.607196893891203880e+09
1.607196893955034018e+09
1.607196894022852898e+09
1.607196894082692862e+09
1.607196894147028208e+09
1.607196894226814032e+09
1.607196894291640520e+09
1.607196894354472160e+09
1.607196894421293736e+09
1.607196894483128786e+09
1.607196894546959162e+09
1.607196894627742529e+09
1.607196894691570282e+09
1.607196894755399704e+09
1.607196894821223736e+09
1.607196894884063482e+09
1.607196894962852955e+09
1.607196895027679443e+09
1.607196895095009565e+09
1.607196895155847311e+09
1.607196895222176790e+09
1.607196895298970461e+09
1.607196895363797188e+09
1.607196895427215099e+09
1.607196895491045475e+09
1.607196895554875135e+09
1.607196895621696472e+09
1.607196895699492693e+09
1.607196895763322115e+09
1.607196895826663494e+09
1.607196895890739918e+09
1.607196895961491108e+09
1.607196896035798788e+09
1.607196896100626230e+09
1.607196896163459063e+09
1.607196896228285789e+09
1.607196896291117668e+09
1.607196896354946375e+09
1.607196896434733868e+09
1.607196896500558376e+09
1.607196896562392950e+09
1.607196896630211592e+09
1.607196896691049576e+09
1.607196896771831274e+09
1.607196896834663153e+09
1.607196896899518251e+09
1.607196896962953329e+09
1.607196897029778719e+09
1.607196897106577158e+09
1.607196897170407772e+09
1.607196897235234022e+09
1.607196897299066782e+09
1.607196897362896442e+09
1.607196897431713104e+09
1.607196897507033587e+09
1.607196897571849108e+09
1.607196897634680748e+09
1.607196897701502323e+09
1.607196897762339592e+09
1.607196897843123436e+09
1.607196897906952143e+09
1.607196897970782280e+09
1.607196898036606550e+09
1.607196898098441124e+09
1.607196898166259527e+09
1.607196898242055893e+09
1.607196898306882381e+09
1.607196898372707605e+09
1.607196898435538530e+09
1.607196898498963594e+09
1.607196898578741312e+09
1.607196898646559715e+09
1.607196898707397699e+09
1.607196898772241116e+09
1.607196898836057901e+09
1.607196898915355682e+09
1.607196898978703976e+09
1.607196899047519445e+09
1.607196899106883764e+09
1.607196899174199343e+09
1.607196899235038757e+09
1.607196899314824820e+09
1.607196899380648613e+09
1.607196899443480253e+09
1.607196899507309914e+09
1.607196899572136402e+09
1.607196899650927305e+09
1.607196899715791702e+09
1.607196899778584480e+09
1.607196899843411207e+09
1.607196899906242371e+09
1.607196899971069813e+09
1.607196900052850246e+09
1.607196900115193605e+09
1.607196900180025578e+09
1.607196900242857456e+09
1.607196900306691170e+09
1.607196900386477470e+09
1.607196900453298807e+09
1.607196900515140295e+09
1.607196900579472065e+09
1.607196900642305613e+09
1.607196900722601175e+09
1.607196900786939859e+09
1.607196900850769043e+09
1.607196900916104794e+09
1.607196900979933977e+09
1.607196901044760942e+09
1.607196901122552633e+09
1.607196901186381817e+09
1.607196901251208782e+09
1.607196901315037489e+09
1.607196901378867626e+09
1.607196901458654165e+09
1.607196901522484303e+09
1.607196901589304686e+09
1.607196901650142908e+09
1.607196901714970112e+09
1.607196901780314684e+09
1.607196901859103203e+09
1.607196901922937393e+09
1.607196901986769438e+09
1.607196902051596403e+09
1.607196902115425825e+09
1.607196902194219351e+09
1.607196902260043383e+09
1.607196902322874546e+09
1.607196902387212992e+09
1.607196902453050137e+09
1.607196902531826496e+09
1.607196902595655680e+09
1.607196902658488035e+09
1.607196902722317219e+09
1.607196902787144423e+09
1.607196902850972414e+09
1.607196902930760384e+09
1.607196902997581244e+09
1.607196903060413837e+09
1.607196903125239849e+09
1.607196903187074900e+09
1.607196903267895460e+09
1.607196903330691099e+09
1.607196903398512363e+09
1.607196903459350109e+09
1.607196903523195028e+09
1.607196903587009192e+09
1.607196903667797327e+09
1.607196903734206676e+09
1.607196903794554949e+09
1.607196903861375570e+09
1.607196903922722816e+09
1.607196904003018379e+09
1.607196904066847324e+09
1.607196904131184816e+09
1.607196904195027828e+09
1.607196904258843422e+09
1.607196904339627028e+09
1.607196904406449318e+09
1.607196904467287540e+09
1.607196904534108162e+09
1.607196904594945431e+09
1.607196904658774853e+09
1.607196904738562346e+09
1.607196904803388119e+09
1.607196904867217302e+09
1.607196904935035467e+09
1.607196904994876623e+09
1.607196905074667692e+09
1.607196905138496876e+09
1.607196905203329086e+09
1.607196905267152309e+09
1.607196905331001043e+09
1.607196905414284706e+09
1.607196905475122929e+09
1.607196905540458679e+09
1.607196905603799582e+09
1.607196905666631460e+09
1.607196905730970621e+09
1.607196905812263489e+09
1.607196905875094891e+09
1.607196905942913532e+09
1.607196906003751755e+09
1.607196906070572853e+09
1.607196906146369696e+09
1.607196906212193966e+09
1.607196906276023626e+09
1.607196906338855505e+09
1.607196906405677319e+09
1.607196906467511892e+09
1.607196906548295021e+09
1.607196906612124920e+09
1.607196906675953865e+09
1.607196906738791466e+09
1.607196906802619934e+09
1.607196906883419991e+09
1.607196906950229645e+09
1.607196907010659218e+09
1.607196907078477621e+09
1.607196907138323307e+09
1.607196907219241619e+09
1.607196907284066200e+09
1.607196907346410990e+09
1.607196907412744522e+09
1.607196907474579811e+09
1.607196907539915800e+09
1.607196907620209932e+09
1.607196907683041096e+09
1.607196907746871233e+09
1.607196907810700893e+09
1.607196907874529839e+09
1.607196907955313444e+09
1.607196908020140886e+09
1.607196908084967136e+09
1.607196908146801949e+09
1.607196908210630417e+09
1.607196908275458097e+09
1.607196908356241941e+09
1.607196908420071363e+09
1.607196908482903481e+09
1.607196908546244621e+09
1.607196908613065243e+09
1.607196908690857887e+09
1.607196908755201340e+09
1.607196908819030285e+09
1.607196908882859468e+09
1.607196908946689129e+09
1.607196909027473927e+09
1.607196909093298435e+09
1.607196909155134201e+09
1.607196909219959021e+09
1.607196909283383846e+09
1.607196909346215725e+09
1.607196909427004576e+09
1.607196909494197607e+09
1.607196909555034399e+09
1.607196909620370865e+09
1.607196909682712555e+09
1.607196909762500525e+09
1.607196909829321623e+09
1.607196909891155958e+09
1.607196909954986334e+09
1.607196910023802042e+09
1.607196910082644701e+09
1.607196910164426327e+09
1.607196910226259947e+09
1.607196910291087389e+09
1.607196910355934858e+09
1.607196910418746471e+09
1.607196910500527620e+09
1.607196910562362432e+09
1.607196910626698494e+09
1.607196910692521811e+09
1.607196910759342909e+09
1.607196910835139751e+09
1.607196910898981810e+09
1.607196910963320017e+09
1.607196911026151896e+09
1.607196911092488766e+09
1.607196911156826735e+09
1.607196911234618425e+09
1.607196911299954176e+09
1.607196911362786293e+09
1.607196911426628113e+09
1.607196911490444899e+09
1.607196911571229219e+09
1.607196911636068583e+09
1.607196911698887587e+09
1.607196911765708685e+09
1.607196911827543736e+09
1.607196911890381098e+09
1.607196911971159458e+09
1.607196912038977385e+09
1.607196912098818302e+09
1.607196912163156271e+09
1.607196912226985455e+09
1.607196912306873798e+09
1.607196912370213747e+09
1.607196912435041189e+09
1.607196912498874903e+09
1.607196912562707663e+09
1.607196912642494440e+09
1.607196912707321167e+09
1.607196912775143862e+09
1.607196912834983826e+09
1.607196912898324966e+09
1.607196912963351965e+09
1.607196913043138981e+09
1.607196913106480122e+09
1.607196913173810005e+09
1.607196913235644102e+09
1.607196913298476696e+09
1.607196913381255150e+09
1.607196913443089962e+09
1.607196913506918669e+09
1.607196913570749283e+09
1.607196913635576010e+09
1.607196913698407888e+09
1.607196913783180714e+09
1.607196913843030453e+09
1.607196913908845425e+09
1.607196913971677065e+09
1.607196914035506725e+09
1.607196914116798162e+09
1.607196914179151535e+09
1.607196914242981195e+09
1.607196914309806585e+09
1.607196914370649576e+09
1.607196914450436115e+09
1.607196914514291525e+09
1.607196914579096079e+09
1.607196914642925024e+09
1.607196914711252213e+09
1.607196914771600962e+09
1.607196914851387739e+09
1.607196914914726973e+09
1.607196914979066133e+09
1.607196915042896271e+09
1.607196915108231068e+09
1.607196915190012217e+09
1.607196915251847982e+09
1.607196915316673279e+09
1.607196915378509521e+09
1.607196915443334579e+09
1.607196915507164240e+09
1.607196915586951256e+09
1.607196915650781155e+09
1.607196915719595432e+09
1.607196915779447794e+09
1.607196915847254515e+09
1.607196915923052549e+09
1.607196915989876270e+09
1.607196916051708698e+09
1.607196916114570379e+09
1.607196916179367065e+09
1.607196916263142824e+09
1.607196916323986292e+09
1.607196916387326956e+09
1.607196916450159550e+09
1.607196916514494658e+09
1.607196916580839396e+09
1.607196916658626795e+09
1.607196916725957870e+09
1.607196916787793398e+09
1.607196916854613304e+09
1.607196916915451288e+09
1.607196916996235847e+09
1.607196917059067965e+09
1.607196917126886368e+09
1.607196917186726332e+09
1.607196917252550364e+09
1.607196917330342054e+09
1.607196917395169020e+09
1.607196917458997488e+09
1.607196917522827864e+09
1.607196917586657047e+09
1.607196917654984474e+09
1.607196917730800867e+09
1.607196917795617342e+09
1.607196917858449697e+09
1.607196917922278643e+09
1.607196917989099979e+09
1.607196918066896439e+09
1.607196918134226084e+09
1.607196918195063591e+09
1.607196918258902550e+09
1.607196918322722912e+09
1.607196918386552095e+09
1.607196918468333244e+09
1.607196918531165838e+09
1.607196918595992088e+09
1.607196918662813187e+09
1.607196918722653627e+09
1.607196918803437471e+09
1.607196918866281748e+09
1.607196918931096315e+09
1.607196918996920347e+09
1.607196919058754921e+09
1.607196919142042398e+09
1.607196919202883244e+09
1.607196919267708778e+09
1.607196919331542492e+09
1.607196919394374847e+09
1.607196919458204269e+09
1.607196919538992405e+09
1.607196919602329254e+09
1.607196919671146393e+09
1.607196919730498552e+09
1.607196919796322346e+09
1.607196919874113560e+09
1.607196919938998699e+09
1.607196920002770662e+09
1.607196920066599607e+09
1.607196920131426334e+09
1.607196920194258690e+09
1.607196920275041819e+09
1.607196920338871956e+09
1.607196920402702093e+09
1.607196920467528343e+09
1.607196920530360937e+09
1.607196920611144304e+09
1.607196920678962469e+09
1.607196920738806248e+09
1.607196920803633690e+09
1.607196920866468668e+09
1.607196920947251081e+09
1.607196921012083530e+09
1.607196921074916124e+09
1.607196921139254570e+09
1.607196921206075668e+09
1.607196921266913891e+09
1.607196921346699953e+09
1.607196921410529375e+09
1.607196921475356340e+09
1.607196921540183306e+09
1.607196921604011297e+09
1.607196921682801247e+09
1.607196921746631384e+09
1.607196921813451767e+09
1.607196921876284361e+09
1.607196921940114021e+09
1.607196922003943205e+09
1.607196922082732439e+09
1.607196922147558928e+09
1.607196922210391521e+09
1.607196922274981260e+09
1.607196922343797922e+09
1.607196922418597460e+09
1.607196922483425140e+09
1.607196922546910286e+09
1.607196922610739946e+09
1.607196922674154043e+09
1.607196922754939318e+09
1.607196922822277308e+09
1.607196922883114815e+09
1.607196922949936152e+09
1.607196923012768030e+09
1.607196923074604034e+09
1.607196923155387163e+09
1.607196923218218327e+09
1.607196923283045053e+09
1.607196923346875191e+09
1.607196923411701918e+09
1.607196923491488457e+09
1.607196923554320335e+09
1.607196923619145632e+09
1.607196923682976484e+09
1.607196923746806383e+09
1.607196923810636282e+09
1.607196923891981125e+09
1.607196923955809593e+09
1.607196924019639254e+09
1.607196924082471371e+09
1.607196924146304607e+09
1.607196924230609179e+09
1.607196924291423559e+09
1.607196924357811928e+09
1.607196924419646263e+09
1.607196924482987165e+09
1.607196924563770771e+09
1.607196924627600431e+09
1.607196924691429377e+09
1.607196924755258799e+09
1.607196924820086002e+09
1.607196924884912491e+09
1.607196924962704182e+09
1.607196925027531147e+09
1.607196925090362549e+09
1.607196925155204535e+09
1.607196925220016479e+09
1.607196925299809933e+09
1.607196925364140272e+09
1.607196925427969694e+09
1.607196925490800858e+09
1.607196925554635763e+09
1.607196925619462252e+09
1.607196925698251724e+09
1.607196925767072439e+09
1.607196925826913118e+09
1.607196925891252518e+09
1.607196925956076622e+09
1.607196926034867764e+09
1.607196926100691795e+09
1.607196926164520741e+09
1.607196926226355314e+09
1.607196926291182041e+09
1.607196926370968580e+09
1.607196926434798002e+09
1.607196926498627663e+09
1.607196926563454151e+09
1.607196926628281116e+09
1.607196926691113472e+09
1.607196926771896601e+09
1.607196926835726738e+09
1.607196926899065971e+09
1.607196926962900162e+09
1.607196927026729584e+09
1.607196927107518911e+09
1.607196927174339056e+09
1.607196927236174822e+09
1.607196927299010992e+09
1.607196927363836765e+09
1.607196927428662777e+09
1.607196927508960009e+09
1.607196927571792126e+09
1.607196927634624481e+09
1.607196927703438759e+09
1.607196927763279915e+09
1.607196927843067408e+09
1.607196927906897068e+09
1.607196927971723080e+09
1.607196928037547112e+09
1.607196928098384142e+09
1.607196928183157682e+09
1.607196928243993759e+09
1.607196928309818983e+09
1.607196928371165514e+09
1.607196928435991287e+09
1.607196928499823570e+09
1.607196928580309153e+09
1.607196928642108202e+09
1.607196928707932472e+09
1.607196928771762609e+09
1.607196928835592270e+09
1.607196928916379452e+09
1.607196928978725195e+09
1.607196929042554140e+09
1.607196929107890844e+09
1.607196929170720816e+09
1.607196929251505613e+09
1.607196929318326712e+09
1.607196929380162001e+09
1.607196929443990707e+09
1.607196929507820606e+09
1.607196929570652962e+09
1.607196929651436329e+09
1.607196929719254732e+09
1.607196929779094696e+09
1.607196929845916510e+09
1.607196929906752586e+09
1.607196929989039183e+09
1.607196930051872492e+09
1.607196930115213394e+09
1.607196930182167053e+09
1.607196930244002104e+09
1.607196930306838751e+09
1.607196930386630058e+09
1.607196930450459957e+09
1.607196930516290903e+09
1.607196930579118967e+09
1.607196930643944740e+09
1.607196930722247362e+09
1.607196930786587954e+09
1.607196930851412058e+09
1.607196930914242983e+09
1.607196930979080915e+09
1.607196931061849594e+09
1.607196931122686625e+09
1.607196931189508200e+09
1.607196931250345945e+09
1.607196931315174103e+09
1.607196931379998922e+09
1.607196931458788872e+09
1.607196931523615599e+09
1.607196931586447001e+09
1.607196931652271271e+09
1.607196931716099977e+09
1.607196931794894695e+09
1.607196931858723402e+09
1.607196931924550772e+09
1.607196931987383842e+09
1.607196932051213264e+09
1.607196932118053198e+09
1.607196932194359064e+09
1.607196932259186268e+09
1.607196932322526693e+09
1.607196932386864901e+09
1.607196932452688217e+09
1.607196932530990362e+09
1.607196932594818830e+09
1.607196932658648252e+09
1.607196932722477198e+09
1.607196932787304163e+09
1.607196932867090464e+09
1.607196932931917906e+09
1.607196932998738766e+09
1.607196933058579445e+09
1.607196933125400305e+09
1.607196933187235594e+09
1.607196933268018723e+09
1.607196933330852509e+09
1.607196933395189047e+09
1.607196933459018469e+09
1.607196933522854567e+09
1.607196933602638960e+09
1.607196933667465448e+09
1.607196933731295347e+09
1.607196933796125650e+09
1.607196933858956814e+09
1.607196933923295736e+09
1.607196934003592253e+09
1.607196934068418264e+09
1.607196934131759167e+09
1.607196934195099831e+09
1.607196934258935690e+09
1.607196934338716269e+09
1.607196934405537605e+09
1.607196934467372179e+09
1.607196934535190821e+09
1.607196934595031738e+09
1.607196934674817801e+09
1.607196934740641356e+09
1.607196934802476645e+09
1.607196934868300200e+09
1.607196934931132078e+09
1.607196934994962215e+09
1.607196935075745821e+09
1.607196935138098478e+09
1.607196935202927589e+09
1.607196935266757011e+09
1.607196935330590963e+09
1.607196935413370371e+09
1.607196935476201534e+09
1.607196935541032791e+09
1.607196935603376389e+09
1.607196935666207552e+09
1.607196935731545687e+09
1.607196935814834833e+09
1.607196935875671625e+09
1.607196935942998886e+09
1.607196936002838373e+09
1.607196936066668272e+09
1.607196936147452116e+09
1.607196936211280584e+09
1.607196936276130915e+09
1.607196936338963270e+09
1.607196936403788805e+09
1.607196936482579231e+09
1.607196936546408415e+09
1.607196936611235142e+09
1.607196936675064087e+09
1.607196936739891291e+09
1.607196936802721739e+09
1.607196936882509708e+09
1.607196936949331999e+09
1.607196937011165619e+09
1.607196937075005531e+09
1.607196937138824701e+09
1.607196937223597765e+09
1.607196937283437967e+09
1.607196937346270323e+09
1.607196937411096573e+09
1.607196937474926233e+09
1.607196937539753199e+09
1.607196937618542433e+09
1.607196937683367491e+09
1.607196937747198582e+09
1.607196937811028004e+09
1.607196937877849102e+09
1.607196937955640793e+09
1.607196938018472910e+09
1.607196938082301855e+09
1.607196938147128820e+09
1.607196938211956024e+09
1.607196938290745497e+09
1.607196938358563662e+09
1.607196938418404102e+09
1.607196938482233047e+09
1.607196938547059774e+09
1.607196938610889673e+09
1.607196938692670107e+09
1.607196938754505396e+09
1.607196938818334818e+09
1.607196938886153698e+09
1.607196938947988272e+09
1.607196939026777506e+09
1.607196939090606928e+09
1.607196939154436350e+09
1.607196939220260382e+09
1.607196939283092260e+09
1.607196939346922159e+09
1.607196939426707506e+09
1.607196939491535187e+09
1.607196939556361675e+09
1.607196939619193316e+09
1.607196939683023691e+09
1.607196939763807058e+09
1.607196939826639175e+09
1.607196939895454884e+09
1.607196939955295563e+09
1.607196940022116661e+09
1.607196940098911047e+09
1.607196940162740946e+09
1.607196940229561090e+09
1.607196940291396856e+09
1.607196940356224537e+09
1.607196940419055700e+09
1.607196940498842001e+09
1.607196940563668966e+09
1.607196940627498150e+09
1.607196940690340042e+09
1.607196940754158497e+09
1.607196940834943771e+09
1.607196940901765108e+09
1.607196940962602377e+09
1.607196941029423714e+09
1.607196941091258526e+09
1.607196941155089855e+09
1.607196941235872269e+09
1.607196941303689957e+09
1.607196941362533331e+09
1.607196941431349039e+09
1.607196941491189003e+09
1.607196941571973562e+09
1.607196941636800051e+09
1.607196941699631453e+09
1.607196941764458895e+09
1.607196941828303814e+09
1.607196941907076836e+09
1.607196941970907211e+09
1.607196942034763575e+09
1.607196942099565506e+09
1.607196942162394762e+09
1.607196942227221966e+09
1.607196942308006048e+09
1.607196942371834278e+09
1.607196942436660528e+09
1.607196942501487017e+09
1.607196942562325954e+09
1.607196942643109083e+09
1.607196942706939697e+09
1.607196942771766186e+09
1.607196942834597826e+09
1.607196942898427486e+09
1.607196942979211569e+09
1.607196943045035362e+09
1.607196943107867479e+09
1.607196943174689054e+09
1.607196943235526323e+09
1.607196943298357964e+09
1.607196943380139828e+09
1.607196943443969011e+09
1.607196943506800175e+09
1.607196943570629835e+09
1.607196943634468555e+09
1.607196943716241121e+09
1.607196943779073477e+09
1.607196943843900442e+09
1.607196943906731844e+09
1.607196943971558332e+09
1.607196944035387278e+09
1.607196944114176035e+09
1.607196944179004192e+09
1.607196944242833376e+09
1.607196944306662798e+09
1.607196944370492458e+09
1.607196944452273369e+09
1.607196944516103029e+09
1.607196944578934431e+09
1.607196944642764807e+09
1.607196944707590103e+09
1.607196944787377834e+09
1.607196944851207018e+09
1.607196944919025660e+09
1.607196944978865862e+09
1.607196945043692350e+09
1.607196945106523275e+09
1.607196945187307835e+09
1.607196945251137018e+09
1.607196945314967394e+09
1.607196945378796816e+09
1.607196945446614981e+09
1.607196945523409367e+09
1.607196945586242199e+09
1.607196945651067972e+09
1.607196945714898109e+09
1.607196945779724836e+09
1.607196945842556953e+09
1.607196945926332712e+09
1.607196945987170219e+09
1.607196946051009178e+09
1.607196946115826130e+09
1.607196946178658247e+09
1.607196946260440111e+09
1.607196946323271751e+09
1.607196946387100458e+09
1.607196946451928139e+09
1.607196946515757322e+09
1.607196946594547033e+09
1.607196946658375263e+09
1.607196946723203659e+09
1.607196946787032366e+09
1.607196946854850292e+09
1.607196946914689302e+09
1.607196946994477272e+09
1.607196947058305740e+09
1.607196947123133183e+09
1.607196947187960148e+09
1.607196947251789808e+09
1.607196947334568024e+09
1.607196947395405531e+09
1.607196947460232019e+09
1.607196947524061680e+09
1.607196947586894512e+09
1.607196947651719332e+09
1.607196947730509758e+09
1.607196947794339180e+09
1.607196947863168955e+09
1.607196947923992395e+09
1.607196947987821579e+09
1.607196948066611290e+09
1.607196948130440712e+09
1.607196948197284698e+09
1.607196948259097099e+09
1.607196948323923111e+09
1.607196948402712584e+09
1.607196948467538834e+09
1.607196948531368732e+09
1.607196948594200850e+09
1.607196948659027338e+09
1.607196948722856760e+09
1.607196948802643776e+09
1.607196948869464636e+09
1.607196948931299686e+09
1.607196948996126175e+09
1.607196949059955597e+09
1.607196949138745308e+09
1.607196949203572035e+09
1.607196949267401218e+09
1.607196949331230164e+09
1.607196949395059824e+09
1.607196949459886551e+09
1.607196949539673328e+09
1.607196949602505207e+09
1.607196949667331934e+09
1.607196949730162859e+09
1.607196949794990778e+09
1.607196949875774384e+09
1.607196949938607454e+09
1.607196950003432989e+09
1.607196950066265821e+09
1.607196950130093813e+09
1.607196950210879326e+09
1.607196950277700424e+09
1.607196950338537693e+09
1.607196950406355858e+09
1.607196950468191385e+09
1.607196950531022072e+09
1.607196950611806870e+09
1.607196950674638987e+09
1.607196950739465237e+09
1.607196950802297831e+09
1.607196950868122101e+09
1.607196950946911573e+09
1.607196951010740757e+09
1.607196951074569941e+09
1.607196951138398886e+09
1.607196951203226089e+09
1.607196951267075539e+09
1.607196951348836899e+09
1.607196951412666082e+09
1.607196951475498438e+09
1.607196951538330555e+09
1.607196951604154110e+09
1.607196951682943821e+09
1.607196951747770071e+09
1.607196951810602188e+09
1.607196951875429153e+09
1.607196951940255642e+09
1.607196952019055128e+09
1.607196952083871841e+09
1.607196952146703959e+09
1.607196952211530447e+09
1.607196952275359631e+09
1.607196952341183424e+09
1.607196952418976307e+09
1.607196952482805490e+09
1.607196952546634674e+09
1.607196952611461401e+09
1.607196952676288605e+09
1.607196952755076647e+09
1.607196952822896242e+09
1.607196952882736444e+09
1.607196952946566582e+09
1.607196953010395050e+09
1.607196953075221062e+09
1.607196953155012608e+09
1.607196953218837500e+09
1.607196953283662796e+09
1.607196953351483822e+09
1.607196953411323071e+09
1.607196953491109371e+09
1.607196953554938078e+09
1.607196953618768454e+09
1.607196953683594465e+09
1.607196953746427298e+09
1.607196953830202818e+09
1.607196953892038107e+09
1.607196953954869986e+09
1.607196954018699169e+09
1.607196954082528591e+09
1.607196954147355318e+09
1.607196954228139639e+09
1.607196954290977716e+09
1.607196954359786749e+09
1.607196954418630362e+09
1.607196954486449003e+09
1.607196954562245369e+09
1.607196954627072811e+09
1.607196954691899538e+09
1.607196954754731894e+09
1.607196954820555687e+09
1.607196954899344206e+09
1.607196954963174105e+09
1.607196955027004004e+09
1.607196955090832949e+09
1.607196955154662609e+09
1.607196955218491793e+09
1.607196955299276352e+09
1.607196955367094278e+09
1.607196955427932262e+09
1.607196955493755579e+09
1.607196955554593563e+09
1.607196955634380341e+09
1.607196955700204372e+09
1.607196955763036489e+09
1.607196955826865673e+09
1.607196955895681381e+09
1.607196955954524517e+09
1.607196956036305666e+09
1.607196956099137783e+09
1.607196956163964510e+09
1.607196956226796389e+09
1.607196956292620659e+09
1.607196956375398874e+09
1.607196956436236858e+09
1.607196956501062870e+09
1.607196956562897921e+09
1.607196956627724886e+09
1.607196956706513882e+09
1.607196956771340847e+09
1.607196956835177183e+09
1.607196956901990652e+09
1.607196956962828875e+09
1.607196957031644344e+09
1.607196957106449842e+09
1.607196957172268391e+09
1.607196957234102726e+09
1.607196957298930407e+09
1.607196957363757133e+09
1.607196957443543911e+09
1.607196957507372618e+09
1.607196957571202040e+09
1.607196957635031700e+09
1.607196957698861122e+09
1.607196957762690783e+09
1.607196957843474627e+09
1.607196957910295725e+09
1.607196957971133232e+09
1.607196958034962177e+09
1.607196958098792076e+09
1.607196958179576159e+09
1.607196958245398760e+09
1.607196958307234764e+09
1.607196958372062445e+09
1.607196958437885284e+09
1.607196958514679909e+09
1.607196958578509569e+09
1.607196958642339945e+09
1.607196958707165241e+09
1.607196958770995140e+09
1.607196958834824800e+09
1.607196958917602777e+09
1.607196958979437590e+09
1.607196959042268753e+09
1.607196959108093977e+09
1.607196959173916340e+09
1.607196959250712633e+09
1.607196959315538406e+09
1.607196959382359505e+09
1.607196959442199469e+09
1.607196959511021376e+09
1.607196959570861578e+09
1.607196959650648355e+09
1.607196959719465017e+09
1.607196959779316425e+09
1.607196959843133688e+09
1.607196959906963110e+09
1.607196959986749887e+09
1.607196960051577568e+09
1.607196960115405560e+09
1.607196960180232048e+09
1.607196960243064404e+09
1.607196960323848248e+09
1.607196960386680841e+09
1.607196960451507092e+09
1.607196960515336514e+09
1.607196960582157612e+09
1.607196960642995119e+09
1.607196960723779440e+09
1.607196960786611319e+09
1.607196960851437807e+09
1.607196960916264534e+09
1.607196960979106903e+09
1.607196961059880495e+09
1.607196961124707222e+09
1.607196961186541796e+09
1.607196961251368999e+09
1.607196961315198183e+09
1.607196961379028320e+09
1.607196961461806059e+09
1.607196961522643805e+09
1.607196961588467360e+09
1.607196961652297020e+09
1.607196961714131594e+09
1.607196961795912981e+09
1.607196961858745098e+09
1.607196961923571825e+09
1.607196961990393162e+09
1.607196962051239252e+09
1.607196962131017685e+09
1.607196962194846869e+09
1.607196962258675337e+09
1.607196962324500084e+09
1.607196962387332201e+09
1.607196962455150366e+09
1.607196962531945229e+09
1.607196962595775604e+09
1.607196962658607006e+09
1.607196962723433256e+09
1.607196962786265373e+09
1.607196962868046761e+09
1.607196962934868336e+09
1.607196962995713711e+09
1.607196963059535980e+09
1.607196963126358032e+09
1.607196963186196327e+09
1.607196963266980886e+09
1.607196963331806898e+09
1.607196963394639254e+09
1.607196963459478378e+09
1.607196963523295403e+09
1.607196963603081703e+09
1.607196963667908669e+09
1.607196963730740786e+09
1.607196963795567036e+09
1.607196963858399153e+09
1.607196963939183474e+09
1.607196964005007029e+09
1.607196964067839384e+09
1.607196964133663416e+09
1.607196964194502115e+09
1.607196964261322498e+09
1.607196964339127064e+09
1.607196964402943373e+09
1.607196964468767405e+09
1.607196964530602455e+09
1.607196964595429182e+09
1.607196964676213980e+09
1.607196964739045858e+09
1.607196964802874565e+09
1.607196964866703510e+09
1.607196964931530714e+09
1.607196964994362593e+09
1.607196965075146437e+09
1.607196965139973164e+09
1.607196965202805519e+09
1.607196965268629074e+09
1.607196965331461430e+09
1.607196965411248207e+09
1.607196965475077629e+09
1.607196965541899204e+09
1.607196965602736473e+09
1.607196965671551943e+09
1.607196965746352196e+09
1.607196965812176228e+09
1.607196965876005411e+09
1.607196965938837767e+09
1.607196966004661798e+09
1.607196966067493916e+09
1.607196966146282911e+09
1.607196966211110592e+09
1.607196966274938822e+09
1.607196966338768721e+09
1.607196966402597904e+09
1.607196966483381987e+09
1.607196966550203323e+09
1.607196966611040831e+09
1.607196966678859234e+09
1.607196966738699913e+09
1.607196966819483280e+09
1.607196966882316351e+09
1.607196966948139429e+09
1.607196967010971546e+09
1.607196967074800968e+09
1.607196967139627457e+09
1.607196967219414473e+09
1.607196967282246351e+09
1.607196967348070860e+09
1.607196967410902500e+09
1.607196967474731684e+09
1.607196967557510376e+09
1.607196967619345188e+09
1.607196967686166286e+09
1.607196967748001575e+09
1.607196967810832977e+09
1.607196967874662876e+09
1.607196967956444263e+09
1.607196968021270514e+09
1.607196968084102631e+09
1.607196968146934986e+09
1.607196968211761475e+09
1.607196968293542624e+09
1.607196968355377674e+09
1.607196968419207335e+09
1.607196968483036518e+09
1.607196968546865940e+09
1.607196968627650023e+09
1.607196968694472075e+09
1.607196968755308390e+09
1.607196968819137812e+09
1.607196968883964300e+09
1.607196968946809292e+09
1.607196969027580738e+09
1.607196969090412617e+09
1.607196969154241800e+09
1.607196969221062899e+09
1.607196969282897949e+09
1.607196969362684727e+09
1.607196969426514149e+09
1.607196969490343332e+09
1.607196969555170774e+09
1.607196969622988701e+09
1.607196969682839394e+09
1.607196969763612986e+09
1.607196969826445103e+09
1.607196969891280890e+09
1.607196969957095385e+09
1.607196970019927740e+09
1.607196970101708889e+09
1.607196970162546873e+09
1.607196970226375580e+09
1.607196970292199612e+09
1.607196970355031490e+09
1.607196970435815573e+09
1.607196970498648405e+09
1.607196970562477350e+09
1.607196970630295277e+09
1.607196970692130804e+09
1.607196970754962206e+09
1.607196970834749460e+09
1.607196970899575949e+09
1.607196970965399981e+09
1.607196971027235031e+09
1.607196971091068268e+09
1.607196971170851231e+09
1.607196971234680176e+09
1.607196971299506903e+09
1.607196971362338781e+09
1.607196971427165747e+09
1.607196971491992235e+09
1.607196971570781946e+09
1.607196971636605501e+09
1.607196971698440790e+09
1.607196971762269497e+09
1.607196971828093767e+09
1.607196971906883240e+09
1.607196971971709967e+09
1.607196972034542084e+09
1.607196972099368334e+09
1.607196972166189909e+09
1.607196972242985010e+09
1.607196972306814194e+09
1.607196972370643616e+09
1.607196972435470104e+09
1.607196972499299526e+09
1.607196972563135862e+09
1.607196972643912554e+09
1.607196972707742453e+09
1.607196972770574570e+09
1.607196972834403515e+09
1.607196972901225328e+09
1.607196972979017258e+09
1.607196973045838356e+09
1.607196973106675625e+09
1.607196973170505047e+09
1.607196973234334707e+09
1.607196973302153111e+09
1.607196973378948212e+09
1.607196973442777395e+09
1.607196973506606817e+09
1.607196973570436954e+09
1.607196973636260033e+09
1.607196973716046810e+09
1.607196973778878927e+09
1.607196973842708111e+09
1.607196973906537533e+09
1.607196973970366955e+09
1.607196974052173853e+09
1.607196974115978479e+09
1.607196974179806471e+09
1.607196974242639065e+09
1.607196974309460163e+09
1.607196974370297909e+09
1.607196974451089382e+09
1.607196974514911175e+09
1.607196974581732035e+09
1.607196974643567085e+09
1.607196974711385965e+09
1.607196974786185980e+09
1.607196974851012468e+09
1.607196974914841652e+09
1.607196974979668379e+09
1.607196975042500496e+09
1.607196975107337952e+09
1.607196975187113762e+09
1.607196975250943422e+09
1.607196975316767454e+09
1.607196975378602743e+09
1.607196975442431450e+09
1.607196975523215532e+09
1.607196975589039326e+09
1.607196975650874615e+09
1.607196975714704275e+09
1.607196975778533220e+09
1.607196975859317064e+09
1.607196975923146963e+09
1.607196975986976624e+09
1.607196976050805330e+09
1.607196976114634514e+09
1.607196976179461002e+09
1.607196976258250475e+09
1.607196976324074507e+09
1.607196976386906624e+09
1.607196976450736046e+09
1.607196976514565468e+09
1.607196976596346617e+09
1.607196976659184694e+09
1.607196976726000071e+09
1.607196976786837578e+09
1.607196976850667000e+09
1.607196976916491032e+09
1.607196976999269009e+09
1.607196977061104298e+09
1.607196977122939110e+09
1.607196977187765837e+09
1.607196977250597477e+09
1.607196977332378864e+09
1.607196977395210981e+09
1.607196977459041119e+09
1.607196977522870064e+09
1.607196977586699963e+09
1.607196977666486025e+09
1.607196977733306885e+09
1.607196977796139479e+09
1.607196977858971357e+09
1.607196977922800541e+09
1.607196977986630201e+09
1.607196978067414284e+09
1.607196978131243229e+09
1.607196978195078850e+09
1.607196978261893988e+09
1.607196978322731495e+09
1.607196978402518511e+09
1.607196978466347694e+09
1.607196978531181574e+09
1.607196978596001387e+09
1.607196978658833504e+09
1.607196978741611481e+09
1.607196978803446531e+09
1.607196978867275476e+09
1.607196978932102442e+09
1.607196978994934320e+09
1.607196979058770895e+09
1.607196979139547825e+09
1.607196979202379942e+09
1.607196979269201040e+09
1.607196979331035852e+09
1.607196979396859884e+09
1.607196979474673271e+09
1.607196979539478779e+09
1.607196979602311373e+09
1.607196979667137623e+09
1.607196979730966568e+09
1.607196979797788143e+09
1.607196979875580311e+09
1.607196979939409971e+09
1.607196980003239155e+09
1.607196980067068338e+09
1.607196980130897999e+09
1.607196980210684061e+09
1.607196980276508331e+09
1.607196980339340210e+09
1.607196980404166937e+09
1.607196980466999769e+09
1.607196980546786070e+09
1.607196980611612558e+09
1.607196980679431438e+09
1.607196980739271641e+09
1.607196980807089567e+09
1.607196980867927313e+09
1.607196980946717024e+09
1.607196981010546207e+09
1.607196981075373173e+09
1.607196981138204336e+09
1.607196981203032494e+09
1.607196981283815384e+09
1.607196981347645044e+09
1.607196981411474705e+09
1.607196981475304127e+09
1.607196981539133787e+09
1.607196981602962732e+09
1.607196981685740948e+09
1.607196981747575760e+09
1.607196981815398455e+09
1.607196981875234842e+09
1.607196981939063549e+09
1.607196982018850327e+09
1.607196982083677292e+09
1.607196982146509647e+09
1.607196982211336136e+09
1.607196982275165796e+09
1.607196982355949402e+09
1.607196982418781281e+09
1.607196982483608246e+09
1.607196982546440363e+09
1.607196982610269785e+09
1.607196982676093578e+09
1.607196982754883289e+09
1.607196982821704149e+09
1.607196982883538961e+09
1.607196982946370840e+09
1.607196983011197805e+09
1.607196983091982365e+09
1.607196983154814005e+09
1.607196983218643665e+09
1.607196983282472610e+09
1.607196983348296404e+09
1.607196983411129236e+09
1.607196983490915537e+09
1.607196983554744482e+09
1.607196983618574142e+09
1.607196983682403564e+09
1.607196983751219749e+09
1.607196983830010653e+09
1.607196983891843557e+09
1.607196983954675674e+09
1.607196984018512487e+09
1.607196984082341194e+09
1.607196984165120363e+09
1.607196984227952480e+09
1.607196984291780710e+09
1.607196984358603001e+09
1.607196984418442965e+09
1.607196984486261606e+09
1.607196984563059807e+09
1.607196984626885653e+09
1.607196984690715075e+09
1.607196984755541801e+09
1.607196984820367575e+09
1.607196984899170160e+09
1.607196984962986946e+09
1.607196985027813911e+09
1.607196985092641115e+09
1.607196985154475451e+09
1.607196985218303919e+09
1.607196985299088717e+09
1.607196985366907120e+09
1.607196985426747799e+09
1.607196985494565964e+09
1.607196985554406166e+09
1.607196985635202646e+09
1.607196985700016022e+09
1.607196985762849092e+09
1.607196985827676058e+09
1.607196985890507698e+09
1.607196985970293522e+09
1.607196986035120964e+09
1.607196986098950148e+09
1.607196986162780523e+09
1.607196986226609230e+09
1.607196986291435719e+09
1.607196986373217344e+09
1.607196986435068130e+09
1.607196986500875473e+09
1.607196986563708067e+09
1.607196986626539946e+09
1.607196986707323790e+09
1.607196986775142908e+09
1.607196986834982872e+09
1.607196986902802467e+09
1.607196986962641716e+09
1.607196987026470900e+09
1.607196987109248400e+09
1.607196987171084881e+09
1.607196987234913826e+09
1.607196987299740314e+09
1.607196987362572193e+09
1.607196987443355799e+09
1.607196987507185221e+09
1.607196987571015120e+09
1.607196987634844780e+09
1.607196987698674202e+09
1.607196987783447266e+09
1.607196987843298912e+09
1.607196987911105871e+09
1.607196987970946074e+09
1.607196988034775257e+09
1.607196988100600004e+09
1.607196988180385351e+09
1.607196988242219687e+09
1.607196988307047844e+09
1.607196988370877504e+09
1.607196988435702085e+09
1.607196988514492750e+09
1.607196988578322172e+09
1.607196988643148184e+09
1.607196988706978798e+09
1.607196988771804810e+09
1.607196988834637165e+09
1.607196988917415380e+09
1.607196988979250193e+09
1.607196989043078899e+09
1.607196989107907057e+09
1.607196989172733545e+09
1.607196989251522541e+09
1.607196989319341421e+09
1.607196989379181623e+09
1.607196989445005417e+09
1.607196989506840467e+09
1.607196989587624073e+09
1.607196989652450085e+09
1.607196989715282679e+09
1.607196989779111624e+09
1.607196989844935894e+09
1.607196989906771183e+09
1.607196989989548445e+09
1.607196990050385952e+09
