1.607195961969323158e+09
1.607195964448064089e+09
1.607195964531839371e+09
1.607195964590742588e+09
1.607195964654543161e+09
1.607195964718401909e+09
1.607195964785215378e+09
1.607195964861706018e+09
1.607195964925981045e+09
1.607195964991837263e+09
1.607195965056659460e+09
1.607195965118486643e+09
1.607195965187312841e+09
1.607195965262110949e+09
1.607195965326938152e+09
1.607195965390744925e+09
1.607195965454569101e+09
1.607195965518433094e+09
1.607195965598184109e+09
1.607195965662012815e+09
1.607195965725842237e+09
1.607195965791694641e+09
1.607195965854091883e+09
1.607195965918427467e+09
1.607195965999211550e+09
1.607195966063068628e+09
1.607195966128538370e+09
1.607195966190342665e+09
1.607195966254172087e+09
1.607195966335957050e+09
1.607195966398383379e+09
1.607195966462215662e+09
1.607195966525610924e+09
1.607195966590409279e+09
1.607195966673565149e+09
1.607195966734843254e+09
1.607195966799669266e+09
1.607195966862501621e+09
1.607195966926314831e+09
1.607195966991162062e+09
1.607195967070915699e+09
1.607195967134745836e+09
1.607195967198574543e+09
1.607195967262404680e+09
1.607195967329253912e+09
1.607195967406020641e+09
1.607195967470847607e+09
1.607195967534676552e+09
1.607195967598507166e+09
1.607195967662365198e+09
1.607195967743137836e+09
1.607195967805951118e+09
1.607195967870468140e+09
1.607195967934321642e+09
1.607195967998150587e+09
1.607195968061986446e+09
1.607195968142617702e+09
1.607195968207472086e+09
1.607195968271462440e+09
1.607195968334271431e+09
1.607195968398079157e+09
1.607195968477865458e+09
1.607195968543689489e+09
1.607195968607519627e+09
1.607195968670378923e+09
1.607195968734180450e+09
1.607195968800033092e+09
1.607195968878794432e+09
1.607195968944646597e+09
1.607195969006481409e+09
1.607195969070282221e+09
1.607195969135138035e+09
1.607195969214895010e+09
1.607195969278725386e+09
1.607195969346601248e+09
1.607195969407443762e+09
1.607195969475257874e+09
1.607195969550475121e+09
1.607195969614303589e+09
1.607195969680720568e+09
1.607195969743558645e+09
1.607195969806382895e+09
1.607195969871211052e+09
1.607195969950998068e+09
1.607195970013815403e+09
1.607195970078628778e+09
1.607195970142458439e+09
1.607195970206315279e+09
1.607195970286104202e+09
1.607195970353920698e+09
1.607195970414731264e+09
1.607195970480584621e+09
1.607195970543416977e+09
1.607195970606219530e+09
1.607195970686005354e+09
1.607195970751887798e+09
1.607195970814701557e+09
1.607195970881541729e+09
1.607195970942350626e+09
1.607195971022137403e+09
1.607195971086536646e+09
1.607195971149867773e+09
1.607195971215708733e+09
1.607195971278513432e+09
1.607195971360322237e+09
1.607195971423126698e+09
1.607195971485986471e+09
1.607195971550785303e+09
1.607195971614614248e+09
1.607195971678493977e+09
1.607195971758230448e+09
1.607195971823085308e+09
1.607195971888428450e+09
1.607195971952257872e+09
1.607195972017086983e+09
1.607195972093865156e+09
1.607195972159268141e+09
1.607195972223070383e+09
1.607195972290916443e+09
1.607195972350735664e+09
1.607195972418577433e+09
1.607195972494372129e+09
1.607195972557943106e+09
1.607195972622783184e+09
1.607195972686483622e+09
1.607195972750286579e+09
1.607195972831095219e+09
1.607195972894927025e+09
1.607195972958727837e+09
1.607195973023582220e+09
1.607195973086386442e+09
1.607195973166172981e+09
1.607195973230002403e+09
1.607195973296852112e+09
1.607195973358665943e+09
1.607195973422501564e+09
1.607195973486346006e+09
1.607195973566132069e+09
1.607195973631956577e+09
1.607195973695321560e+09
1.607195973758185387e+09
1.607195973823039532e+09
1.607195973902856588e+09
1.607195973966658592e+09
1.607195974032483339e+09
1.607195974094363928e+09
1.607195974158192873e+09
1.607195974222022295e+09
1.607195974302807093e+09
1.607195974365639210e+09
1.607195974430465221e+09
1.607195974495291948e+09
1.607195974558124781e+09
1.607195974638908625e+09
1.607195974701740503e+09
1.607195974766567469e+09
1.607195974830396175e+09
1.607195974895252466e+09
1.607195974976007462e+09
1.607195975038840532e+09
1.607195975102668762e+09
1.607195975166518688e+09
1.607195975230331182e+09
1.607195975297181368e+09
1.607195975373947144e+09
1.607195975438773155e+09
1.607195975502580404e+09
1.607195975567926884e+09
1.607195975631755114e+09
1.607195975710545063e+09
1.607195975774374247e+09
1.607195975838203430e+09
1.607195975902032614e+09
1.607195975966887236e+09
1.607195976030689955e+09
1.607195976110475540e+09
1.607195976174335957e+09
1.607195976240130186e+09
1.607195976301963806e+09
1.607195976370781183e+09
1.607195976448571444e+09
1.607195976510941267e+09
1.607195976574307919e+09
1.607195976638137579e+09
1.607195976703960657e+09
1.607195976782804012e+09
1.607195976848605394e+09
1.607195976910466909e+09
1.607195976974811792e+09
1.607195977038641691e+09
1.607195977102467537e+09
1.607195977186270237e+09
1.607195977248077631e+09
1.607195977311934710e+09
1.607195977373772383e+09
1.607195977438596010e+09
1.607195977518382549e+09
1.607195977583205223e+09
1.607195977647041559e+09
1.607195977713860512e+09
1.607195977773685217e+09
1.607195977838498592e+09
1.607195977918286324e+09
1.607195977986104250e+09
1.607195978046943188e+09
1.607195978111789465e+09
1.607195978175625801e+09
1.607195978254420519e+09
1.607195978319245815e+09
1.607195978382879972e+09
1.607195978449690819e+09
1.607195978510837555e+09
1.607195978589650869e+09
1.607195978654453993e+09
1.607195978718283892e+09
1.607195978782142639e+09
1.607195978845942020e+09
1.607195978910768986e+09
1.607195978990555286e+09
1.607195979055382252e+09
1.607195979121206284e+09
1.607195979183042288e+09
1.607195979245873928e+09
1.607195979326684713e+09
1.607195979394502878e+09
1.607195979455341816e+09
1.607195979520197868e+09
1.607195979582005262e+09
1.607195979646369219e+09
1.607195979727154732e+09
1.607195979790980577e+09
1.607195979854810953e+09
1.607195979918612480e+09
1.607195979983469725e+09
1.607195980062255144e+09
1.607195980127081633e+09
1.607195980190885067e+09
1.607195980253714800e+09
1.607195980318566799e+09
1.607195980401349545e+09
1.607195980463187218e+09
1.607195980527010441e+09
1.607195980590850353e+09
1.607195980654644012e+09
1.607195980718473434e+09
1.607195980798259020e+09
1.607195980863110065e+09
1.607195980926916122e+09
1.607195980992770910e+09
1.607195981054770470e+09
1.607195981134144068e+09
1.607195981198023796e+09
1.607195981261831522e+09
1.607195981328654051e+09
1.607195981391485929e+09
1.607195981474065304e+09
1.607195981534530640e+09
1.607195981598359823e+09
1.607195981662189722e+09
1.607195981726019144e+09
1.607195981790874004e+09
1.607195981874650478e+09
1.607195981934462070e+09
1.607195981999320269e+09
1.607195982063149929e+09
1.607195982128942490e+09
1.607195982205736637e+09
1.607195982270564556e+09
1.607195982335418224e+09
1.607195982402240276e+09
1.607195982463078499e+09
1.607195982528904676e+09
1.607195982606666088e+09
1.607195982670083046e+09
1.607195982735565901e+09
1.607195982799386740e+09
1.607195982864212513e+09
1.607195982942640543e+09
1.607195983006492853e+09
1.607195983070122004e+09
1.607195983134495020e+09
1.607195983199356079e+09
1.607195983278110027e+09
1.607195983341939688e+09
1.607195983406766653e+09
1.607195983470605850e+09
1.607195983534455299e+09
1.607195983599294901e+09
1.607195983678040981e+09
1.607195983742889881e+09
1.607195983806696177e+09
1.607195983871552706e+09
1.607195983935383797e+09
1.607195984016138077e+09
1.607195984078969240e+09
1.607195984144385815e+09
1.607195984206221104e+09
1.607195984273049831e+09
1.607195984334915161e+09
1.607195984414701223e+09
1.607195984478530884e+09
1.607195984545555830e+09
1.607195984607362986e+09
1.607195984670392752e+09
1.607195984750179291e+09
1.607195984815018415e+09
1.607195984878835678e+09
1.607195984942665100e+09
1.607195985006522417e+09
1.607195985086281300e+09
1.607195985150110245e+09
1.607195985214962482e+09
1.607195985277884722e+09
1.607195985342596531e+09
1.607195985406465530e+09
1.607195985487239122e+09
1.607195985550041199e+09
1.607195985615888596e+09
1.607195985679722786e+09
1.607195985744118214e+09
1.607195985821911097e+09
1.607195985886380911e+09
1.607195985950208664e+09
1.607195986014038563e+09
1.607195986079890966e+09
1.607195986143719673e+09
1.607195986222481251e+09
1.607195986288305521e+09
1.607195986350140333e+09
1.607195986413969517e+09
1.607195986478796244e+09
1.607195986558582783e+09
1.607195986622440100e+09
1.607195986686264992e+09
1.607195986750091791e+09
1.607195986815916061e+09
1.607195986894683361e+09
1.607195986958513737e+09
1.607195987022372723e+09
1.607195987087169647e+09
1.607195987151057482e+09
1.607195987217860699e+09
1.607195987297689676e+09
1.607195987358502865e+09
1.607195987422332525e+09
1.607195987487599134e+09
1.607195987549910307e+09
1.607195987630694866e+09
1.607195987694539309e+09
1.607195987758353710e+09
1.607195987824207783e+09
1.607195987886012316e+09
1.607195987951866627e+09
1.607195988030625343e+09
1.607195988094483852e+09
1.607195988158327818e+09
1.607195988223139286e+09
1.607195988286940098e+09
1.607195988365773916e+09
1.607195988430555820e+09
1.607195988495383024e+09
1.607195988558216095e+09
1.607195988622044325e+09
1.607195988702901602e+09
1.607195988767728329e+09
1.607195988831557989e+09
1.607195988894240141e+09
1.607195988961061954e+09
1.607195989021898746e+09
1.607195989102219582e+09
1.607195989167081356e+09
1.607195989234894991e+09
1.607195989294715881e+09
1.607195989362557650e+09
1.607195989438321352e+09
1.607195989502150297e+09
1.607195989567004681e+09
1.607195989629835606e+09
1.607195989693661928e+09
1.607195989759476185e+09
1.607195989839276791e+09
1.607195989904108286e+09
1.607195989967498779e+09
1.607195990030308723e+09
1.607195990094160318e+09
1.607195990174983263e+09
1.607195990240796328e+09
1.607195990302610159e+09
1.607195990369816065e+09
1.607195990430637121e+09
1.607195990510443687e+09
1.607195990575238228e+09
1.607195990638099670e+09
1.607195990703894854e+09
1.607195990767747879e+09
1.607195990830586672e+09
1.607195990910373449e+09
1.607195990975197792e+09
1.607195991038001299e+09
1.607195991101863623e+09
1.607195991166657209e+09
1.607195991249437332e+09
1.607195991310301542e+09
1.607195991376156569e+09
1.607195991438989162e+09
1.607195991501931429e+09
1.607195991565800190e+09
1.607195991650595665e+09
1.607195991710408211e+09
1.607195991774618626e+09
1.607195991838446856e+09
1.607195991903499365e+09
1.607195991984311819e+09
1.607195992047142506e+09
1.607195992110971212e+09
1.607195992175806046e+09
1.607195992239630938e+09
1.607195992319416046e+09
1.607195992382219791e+09
1.607195992446048975e+09
1.607195992509901762e+09
1.607195992573735714e+09
1.607195992638558388e+09
1.607195992719319344e+09
1.607195992783175707e+09
1.607195992845979691e+09
1.607195992909809113e+09
1.607195992974636793e+09
1.607195993057020664e+09
1.607195993117869616e+09
1.607195993185707092e+09
1.607195993246513844e+09
1.607195993310342550e+09
1.607195993392150640e+09
1.607195993454985142e+09
1.607195993518785954e+09
1.607195993584645033e+09
1.607195993646468163e+09
1.607195993712296724e+09
1.607195993791086674e+09
1.607195993853890896e+09
1.607195993918717384e+09
1.607195993982545614e+09
1.607195994046403408e+09
1.607195994127188444e+09
1.607195994195006132e+09
1.607195994254817724e+09
1.607195994318171978e+09
1.607195994383026600e+09
1.607195994446395159e+09
1.607195994526181698e+09
1.607195994591035843e+09
1.607195994655836821e+09
1.607195994718668222e+09
1.607195994783521891e+09
1.607195994862320185e+09
1.607195994925691843e+09
1.607195994989707232e+09
1.607195995054548740e+09
1.607195995120372534e+09
1.607195995199176788e+09
1.607195995263016224e+09
1.607195995325811148e+09
1.607195995390640497e+09
1.607195995454489708e+09
1.607195995520317078e+09
1.607195995603091717e+09
1.607195995662908077e+09
1.607195995727762461e+09
1.607195995790567160e+09
1.607195995854426146e+09
1.607195995935207844e+09
1.607195995998114824e+09
1.607195996062968969e+09
1.607195996130344391e+09
1.607195996191184998e+09
1.607195996256096840e+09
1.607195996336466551e+09
1.607195996400302649e+09
1.607195996465129614e+09
1.607195996525938272e+09
1.607195996589798450e+09
1.607195996670551538e+09
1.607195996734616518e+09
1.607195996798444986e+09
1.607195996862275362e+09
1.607195996927130222e+09
1.607195997006917238e+09
1.607195997070719004e+09
1.607195997134546757e+09
1.607195997198404312e+09
1.607195997262233496e+09
1.607195997326035261e+09
1.607195997408827305e+09
1.607195997471669197e+09
1.607195997534477711e+09
1.607195997598307371e+09
1.607195997665157318e+09
1.607195997742428303e+09
1.607195997806286573e+09
1.607195997870023489e+09
1.607195997934518814e+09
1.607195998000370502e+09
1.607195998063174725e+09
1.607195998144567251e+09
1.607195998207402229e+09
1.607195998273200274e+09
1.607195998335331440e+09
1.607195998398162842e+09
1.607195998478435993e+09
