1.607206597490811586e+09
1.607206604802108765e+09
1.607206604882401466e+09
1.607206604947228432e+09
1.607206605012055874e+09
1.607206605073889971e+09
1.607206605136722803e+09
1.607206605222492218e+09
1.607206605281335831e+09
1.607206605345164299e+09
1.607206605409991503e+09
1.607206605475815773e+09
1.607206605553608179e+09
1.607206605617436647e+09
1.607206605681267738e+09
1.607206605750083447e+09
1.607206605808924675e+09
1.607206605875746965e+09
1.607206605956530571e+09
1.607206606017369032e+09
1.607206606082194090e+09
1.607206606145565033e+09
1.607206606209394455e+09
1.607206606289710283e+09
1.607206606358033419e+09
1.607206606417873621e+09
1.607206606481793165e+09
1.607206606545623302e+09
1.607206606610450029e+09
1.607206606690235853e+09
1.607206606754065037e+09
1.607206606817894697e+09
1.607206606883718491e+09
1.607206606945554256e+09
1.607206607026338100e+09
1.607206607089169502e+09
1.607206607153996229e+09
1.607206607219821453e+09
1.607206607281654596e+09
1.607206607362440109e+09
1.607206607430767298e+09
1.607206607489608049e+09
1.607206607553436995e+09
1.607206607624247551e+09
1.607206607682098150e+09
1.607206607761884451e+09
1.607206607827709198e+09
1.607206607889705181e+09
1.607206607957031488e+09
1.607206608016871691e+09
1.607206608099011898e+09
1.607206608161844015e+09
1.607206608228665352e+09
1.607206608289502859e+09
1.607206608354334354e+09
1.607206608417161703e+09
1.607206608499940872e+09
1.607206608560791731e+09
1.607206608625604153e+09
1.607206608690433979e+09
1.607206608756254435e+09
1.607206608834047556e+09
1.607206608897876501e+09
1.607206608964697599e+09
1.607206609025536060e+09
1.607206609089364529e+09
1.607206609171617985e+09
1.607206609233451605e+09
1.607206609299837112e+09
1.607206609361671686e+09
1.607206609425502539e+09
1.607206609490327835e+09
1.607206609570114613e+09
1.607206609633943319e+09
1.607206609697773218e+09
1.607206609761602879e+09
1.607206609829421759e+09
1.607206609906215906e+09
1.607206609969048023e+09
1.607206610032878160e+09
1.607206610097704172e+09
1.607206610161555767e+09
1.607206610230349541e+09
1.607206610306147575e+09
1.607206610368978739e+09
1.607206610435800314e+09
1.607206610497644901e+09
1.607206610561970949e+09
1.607206610645748138e+09
1.607206610705588579e+09
1.607206610769420385e+09
1.607206610833249569e+09
1.607206610898076773e+09
1.607206610977867603e+09
1.607206611041697502e+09
1.607206611106523037e+09
1.607206611169861317e+09
1.607206611234691620e+09
1.607206611297519684e+09
1.607206611377306938e+09
1.607206611441135645e+09
1.607206611506959915e+09
1.607206611568794966e+09
1.607206611633627653e+09
1.607206611713408232e+09
1.607206611777237415e+09
1.607206611841067791e+09
1.607206611909885168e+09
1.607206611969724655e+09
1.607206612034549475e+09
1.607206612117833614e+09
1.607206612177678108e+09
1.607206612241508007e+09
1.607206612305336714e+09
1.607206612369167089e+09
1.607206612448951960e+09
1.607206612513396978e+09
1.607206612576763868e+09
1.607206612641590357e+09
1.607206612705273151e+09
1.607206612787559271e+09
1.607206612851388454e+09
1.607206612913731098e+09
1.607206612978558779e+09
1.607206613041389465e+09
1.607206613105219603e+09
1.607206613185005665e+09
1.607206613255816936e+09
1.607206613316653967e+09
1.607206613378489017e+09
1.607206613441321135e+09
1.607206613525097132e+09
1.607206613584938526e+09
1.607206613649764538e+09
1.607206613713592768e+09
1.607206613776996613e+09
1.607206613841822147e+09
1.607206613921842098e+09
1.607206613984673738e+09
1.607206614050527811e+09
1.607206614113387108e+09
1.607206614177219152e+09
1.607206614260966301e+09
1.607206614321995497e+09
1.607206614385395765e+09
1.607206614449196815e+09
1.607206614513550520e+09
1.607206614593347311e+09
1.607206614657147408e+09
1.607206614722972631e+09
1.607206614785804272e+09
1.607206614849633455e+09
1.607206614916453838e+09
1.607206614994246960e+09
1.607206615057106733e+09
1.607206615120908499e+09
1.607206615185735464e+09
1.607206615250561237e+09
1.607206615329378843e+09
1.607206615396743774e+09
1.607206615457570076e+09
1.607206615521984100e+09
1.607206615584788561e+09
1.607206615665571690e+09
1.607206615731398821e+09
1.607206615794236660e+09
1.607206615858088732e+09
1.607206615922958851e+09
1.607206615985763073e+09
1.607206616065577745e+09
1.607206616129405022e+09
1.607206616193236589e+09
1.607206616258035421e+09
1.607206616322863340e+09
1.607206616403645754e+09
1.607206616465502024e+09
1.607206616529309750e+09
1.607206616593139410e+09
1.607206616656968594e+09
1.607206616721795559e+09
1.607206616802607059e+09
1.607206616865432262e+09
1.607206616932825089e+09
1.607206616993634224e+09
1.607206617059458256e+09
1.607206617137312174e+09
1.607206617202108145e+09
1.607206617265970230e+09
1.607206617330478668e+09
1.607206617393849850e+09
1.607206617474633455e+09
1.607206617537493467e+09
1.607206617601322651e+09
1.607206617665152311e+09
1.607206617729951143e+09
1.607206617794801712e+09
1.607206617873582602e+09
1.607206617937422276e+09
1.607206618001226425e+09
1.607206618065076590e+09
1.607206618128885746e+09
1.607206618210696697e+09
1.607206618273498058e+09
1.607206618337327242e+09
1.607206618402183771e+09
1.607206618467008352e+09
1.607206618530871391e+09
1.607206618609634638e+09
1.607206618673494816e+09
1.607206618738320589e+09
1.607206618802900791e+09
1.607206618869698286e+09
1.607206618948992014e+09
1.607206619010827065e+09
1.607206619073659658e+09
1.607206619137488842e+09
1.607206619201350451e+09
1.607206619282132149e+09
1.607206619344934702e+09
1.607206619409761190e+09
1.607206619476609945e+09
1.607206619537447453e+09
1.607206619601277351e+09
1.607206619683063507e+09
1.607206619746864319e+09
1.607206619810710192e+09
1.607206619873548985e+09
1.607206619938349009e+09
1.607206620017168283e+09
1.607206620080971241e+09
1.607206620146806717e+09
1.607206620209263086e+09
1.607206620273084402e+09
1.607206620339489460e+09
1.607206620417383671e+09
1.607206620482235193e+09
1.607206620545550585e+09
1.607206622045525074e+09
1.607206622115367174e+09
1.607206622172187328e+09
1.607206622237018347e+09
1.607206622300881863e+09
1.607206622365212679e+09
1.607206622444476604e+09
1.607206622508327484e+09
1.607206622573161840e+09
1.607206622636990786e+09
1.607206622700791836e+09
1.607206622780603647e+09
1.607206622844408512e+09
1.607206622908236980e+09
1.607206622972066641e+09
1.607206623039898157e+09
1.607206623116679430e+09
1.607206623181508303e+09
1.607206623244339943e+09
1.607206623309166670e+09
1.607206623372994661e+09
1.607206623436828613e+09
1.607206623516615868e+09
1.607206623581012964e+09
1.607206623644841194e+09
1.607206623708685160e+09
1.607206623772511959e+09
1.607206623853294134e+09
1.607206623916127205e+09
1.607206623982457876e+09
1.607206624044293642e+09
1.607206624108124256e+09
1.607206624171951771e+09
1.607206624255727530e+09
1.607206624316565514e+09
1.607206624386379480e+09
1.607206624446247578e+09
1.607206624508054256e+09
1.607206624587863445e+09
1.607206625980045319e+09
1.607206626041880369e+09
1.607206626106705189e+09
1.607206626169538975e+09
1.607206626233366966e+09
1.607206626297217369e+09
1.607206626376982689e+09
1.607206626440811872e+09
1.607206626506636381e+09
1.607206626570465803e+09
1.607206626639306307e+09
1.607206626713111877e+09
1.607206626777911663e+09
1.607206626841740370e+09
1.607206626908589602e+09
1.607206626970463276e+09
1.607206627049216032e+09
1.607206627115044594e+09
1.607206627180430174e+09
1.607206627242597818e+09
1.607206627305431366e+09
1.607206627369260073e+09
1.607206627450071812e+09
1.607206627512875557e+09
1.607206627578728437e+09
1.607206627641531467e+09
1.607206627705360889e+09
1.607206627787143230e+09
1.607206627849974632e+09
1.607206627914801598e+09
1.607206627981650829e+09
1.607206628041490316e+09
1.607206628121279478e+09
1.607206628186105490e+09
1.607206628249905825e+09
1.607206628312756538e+09
1.607206628377564430e+09
1.607206628441393852e+09
1.607206628521180153e+09
1.607206628590626001e+09
1.607206628649455070e+09
1.607206628712955236e+09
1.607206628777280092e+09
1.607206628860028505e+09
1.607206628921863794e+09
1.607206628989711046e+09
1.607206629049533606e+09
1.607206629113351345e+09
1.607206629179197788e+09
1.607206629260985136e+09
1.607206629322793484e+09
1.607206629386620522e+09
1.607206629450450659e+09
1.607206629513819933e+09
1.607206629593836308e+09
1.607206629658615351e+09
1.607206629721448421e+09
1.607206629785306692e+09
1.607206629849612713e+09
1.607206629929426193e+09
1.607206629994224787e+09
1.607206630061104536e+09
1.607206630121913433e+09
1.607206630184745789e+09
1.607206630249464035e+09
1.607206630329523563e+09
1.607206630398341179e+09
1.607206630457187176e+09
1.607206630522009373e+09
1.607206630584841013e+09
1.607206630665626049e+09
1.607206630735438585e+09
1.607206630796275377e+09
1.607206630857113123e+09
1.607206630920942545e+09
1.607206630984799385e+09
1.607206631066552877e+09
1.607206631129414320e+09
1.607206632641897678e+09
1.607206632705757141e+09
1.607206632768558025e+09
1.607206632833413363e+09
1.607206632896217346e+09
1.607206632978026390e+09
1.607206633039836645e+09
1.607206633104660511e+09
1.607206633168518305e+09
1.607206633232344866e+09
1.607206634824307680e+09
1.607206634892147541e+09
1.607206634951236010e+09
1.607206635016063213e+09
1.607206635078890800e+09
1.607206635163670540e+09
1.607206635224477768e+09
1.607206635288335323e+09
1.607206635352164507e+09
1.607206635416964054e+09
1.607206635479795933e+09
1.607206635559595108e+09
1.607206635623441935e+09
1.607206635687264919e+09
1.607206635753092527e+09
1.607206635816893578e+09
1.607206635899701357e+09
1.607206635959674120e+09
1.607206636023535013e+09
1.607206636087900639e+09
1.607206636154744387e+09
1.607206636215580702e+09
1.607206636296427250e+09
1.607206636360241413e+09
1.607206636423073292e+09
1.607206636487900496e+09
1.607206636556223154e+09
1.607206636631024122e+09
1.607206636695372343e+09
1.607206636759201050e+09
1.607206636829043627e+09
1.607206636887857914e+09
1.607206636967644453e+09
1.607206637031500816e+09
1.607206637095330477e+09
1.607206637162151575e+09
1.607206637223958969e+09
1.607206637286790848e+09
1.607206637367574215e+09
1.607206637435422421e+09
1.607206637496259212e+09
1.607206637564077854e+09
1.607206637623929024e+09
1.607206637704749823e+09
1.607206637768157005e+09
1.607206637832014322e+09
1.607206637894817591e+09
1.607206637960644007e+09
1.607206638024473667e+09
1.607206638103934288e+09
1.607206638171753168e+09
1.607206638231598854e+09
1.607206638295422792e+09
1.607206638359223366e+09
1.607206638442030191e+09
1.607206638503837347e+09
1.607206638571684122e+09
1.607206638631523848e+09
1.607206638695324659e+09
1.607206638776138067e+09
1.607206638838942051e+09
1.607206638905784845e+09
1.607206638968622684e+09
1.607206639031428099e+09
1.607206639098828793e+09
1.607206639180118084e+09
1.607206639238932133e+09
1.607206639304763794e+09
1.607206639367621899e+09
1.607206639433444977e+09
1.607206639512275934e+09
1.607206639579101086e+09
1.607206639638914108e+09
1.607206639702743292e+09
1.607206639767582417e+09
1.607206639831427097e+09
1.607206639911186934e+09
1.607206639976041317e+09
1.607206640039880753e+09
1.607206640107688189e+09
1.607206640167502642e+09
1.607206640248320103e+09
1.607206640311144590e+09
1.607206640375950575e+09
1.607206640438775778e+09
1.607206640503608942e+09
1.607206640582950830e+09
1.607206640647778273e+09
1.607206640711606264e+09
1.607206640775498867e+09
1.607206640840297222e+09
1.607206640903162479e+09
1.607206640983690977e+09
1.607206641048544407e+09
