1.607198549630087376e+09
1.607198552302692413e+09
1.607198552381504536e+09
1.607198552446307421e+09
1.607198552510137081e+09
1.607198552572968721e+09
1.607198552637807608e+09
1.607198552717606306e+09
1.607198552781442881e+09
1.607198552845241308e+09
1.607198552909098864e+09
1.607198552973897696e+09
1.607198553053707838e+09
1.607198553117513418e+09
1.607198553181343079e+09
1.607198553245172501e+09
1.607198553309998512e+09
1.607198553373827696e+09
1.607198553453644991e+09
1.607198553517475128e+09
1.607198553581273794e+09
1.607198553645130634e+09
1.607198553709711552e+09
1.607198553789471388e+09
1.607198553853327513e+09
1.607198553917703867e+09
1.607198553981344700e+09
1.607198554045175552e+09
1.607198554109699726e+09
1.607198554189512730e+09
1.607198554253313303e+09
1.607198554317143440e+09
1.607198554380972385e+09
1.607198554445798635e+09
1.607198554525585890e+09
1.607198554589416981e+09
1.607198554653244495e+09
1.607198554717075109e+09
1.607198554781900644e+09
1.607198554861686945e+09
1.607198554925545216e+09
1.607198554989375830e+09
1.607198555053181648e+09
1.607198555117057085e+09
1.607198555181850195e+09
1.607198555261625290e+09
1.607198555325476646e+09
1.607198555389283180e+09
1.607198555453128338e+09
1.607198555517941236e+09
1.607198555597541809e+09
1.607198555661375523e+09
1.607198555725174427e+09
1.607198555789775610e+09
1.607198555853593111e+09
1.607198555917422295e+09
1.607198555998000383e+09
1.607198556061824322e+09
1.607198556125678301e+09
1.607198556189127207e+09
1.607198556253927469e+09
1.607198556333831787e+09
1.607198556397750854e+09
1.607198556461606979e+09
1.607198556525176525e+09
1.607198556590003252e+09
1.607198556669783831e+09
1.607198556733242035e+09
1.607198556797101974e+09
1.607198556861899376e+09
1.607198556925062180e+09
1.607198556989783287e+09
1.607198557069706440e+09
1.607198557133534908e+09
1.607198557197364569e+09
1.607198557261177063e+09
1.607198557324995518e+09
1.607198557405778646e+09
1.607198557469618797e+09
1.607198557533463955e+09
1.607198557597267628e+09
1.607198557661122799e+09
1.607198557725936413e+09
1.607198557805711985e+09
1.607198557869567156e+09
1.607198557933498621e+09
1.607198557997307301e+09
1.607198558061130524e+09
1.607198558141498804e+09
1.607198558205328226e+09
1.607198558269170284e+09
1.607198558333062887e+09
1.607198558397816420e+09
1.607198558477604151e+09
1.607198558541211843e+09
1.607198558605063677e+09
1.607198558669867516e+09
1.607198558733368635e+09
1.607198558797197104e+09
1.607198558876987934e+09
1.607198558941322803e+09
1.607198559005152464e+09
1.607198559068980932e+09
1.607198559133807421e+09
1.607198559213620901e+09
1.607198559277452230e+09
1.607198559341253281e+09
1.607198559405110598e+09
1.607198559469909430e+09
1.607198559533738852e+09
1.607198559613557100e+09
1.607198559677379847e+09
1.607198559741184473e+09
1.607198559805068493e+09
1.607198559869840622e+09
1.607198559949419498e+09
1.607198560013222456e+09
1.607198560077078104e+09
1.607198560141877651e+09
1.607198560205416918e+09
1.607198560285191059e+09
1.607198560349064112e+09
1.607198560413065195e+09
1.607198560477824450e+09
1.607198560541263819e+09
1.607198560605118990e+09
1.607198560685877562e+09
1.607198560749727011e+09
1.607198560813559055e+09
1.607198560877393961e+09
1.607198560941194534e+09
1.607198561021058798e+09
1.607198561085808277e+09
1.607198561149660587e+09
1.607198561213492155e+09
1.607198561277296305e+09
1.607198561357110739e+09
1.607198561420912266e+09
1.607198561485765696e+09
1.607198561549567938e+09
1.607198561613418102e+09
1.607198561677227020e+09
1.607198561758011103e+09
1.607198561821849346e+09
1.607198561885697365e+09
1.607198561949329138e+09
1.607198562013155937e+09
1.607198562093914032e+09
1.607198562157744884e+09
1.607198562221600294e+09
1.607198562285402775e+09
1.607198562349037886e+09
1.607198562413864136e+09
1.607198562493676662e+09
1.607198562557946682e+09
1.607198562621775627e+09
1.607198562685629606e+09
1.607198562749457598e+09
1.607198562829392910e+09
1.607198562893190384e+09
1.607198562957063675e+09
1.607198563021854162e+09
1.607198563085702896e+09
1.607198563165485859e+09
1.607198563229291439e+09
1.607198563293134928e+09
1.607198563357958317e+09
1.607198563421843529e+09
1.607198563485672235e+09
1.607198563565431118e+09
1.607198563629260302e+09
1.607198563693089247e+09
1.607198563757924557e+09
1.607198563821769238e+09
1.607198563901561022e+09
1.607198563965386868e+09
1.607198564029191732e+09
1.607198564093046665e+09
1.607198564157661438e+09
1.607198564221494675e+09
1.607198564301254034e+09
1.607198564365928173e+09
1.607198564429775715e+09
1.607198564493611097e+09
1.607198564556990623e+09
1.607198564637776375e+09
1.607198564701604605e+09
1.607198564765085220e+09
1.607198564829496384e+09
1.607198564893325329e+09
1.607198564973112583e+09
1.607198565037042618e+09
1.607198565101768732e+09
1.607198565165621042e+09
1.607198565229450703e+09
1.607198565293256760e+09
1.607198565373154402e+09
1.607198565437052965e+09
1.607198565501811504e+09
1.607198565565662861e+09
1.607198565629688978e+09
1.607198565709503889e+09
1.607198565773305178e+09
1.607198565837134600e+09
1.607198565901962042e+09
1.607198565965791464e+09
1.607198566029643774e+09
1.607198566109432220e+09
1.607198566173236132e+09
1.607198566237772942e+09
1.607198566301624537e+09
1.607198566365430832e+09
1.607198566445757389e+09
1.607198566509608746e+09
1.607198566573439598e+09
1.607198566637928009e+09
1.607198566701763868e+09
1.607198566781430244e+09
1.607198566845232487e+09
1.607198566909061193e+09
1.607198566973893642e+09
1.607198567037748575e+09
1.607198567101552963e+09
1.607198567181365013e+09
1.607198567245173693e+09
1.607198567310001373e+09
1.607198567373058081e+09
1.607198567436887503e+09
1.607198567517695665e+09
1.607198567581523895e+09
1.607198567645326376e+09
1.607198567709155798e+09
1.607198567772984505e+09
1.607198567837811232e+09
1.607198567917624235e+09
1.607198567981455564e+09
1.607198568045257568e+09
1.607198568109086037e+09
1.607198568173765182e+09
1.607198568253553629e+09
1.607198568317376852e+09
1.607198568381807089e+09
1.607198568445583105e+09
1.607198568509435892e+09
1.607198568589777708e+09
1.607198568653624058e+09
1.607198568717664003e+09
1.607198568781495333e+09
1.607198568845088482e+09
1.607198568908946276e+09
1.607198568989727020e+09
1.607198569053669691e+09
1.607198569117498159e+09
1.607198569181152582e+09
1.607198569245039701e+09
1.607198569325728178e+09
1.607198569389283895e+09
1.607198569453303814e+09
1.607198569517154217e+09
1.607198569580980301e+09
1.607198569645821095e+09
1.607198569725599766e+09
1.607198569789406300e+09
1.607198569853235245e+09
1.607198569917073488e+09
1.607198569981895685e+09
1.607198570061677456e+09
1.607198570125506878e+09
1.607198570189336300e+09
1.607198570253165245e+09
1.607198570316995144e+09
1.607198570397779226e+09
1.607198570461607933e+09
1.607198570525448561e+09
1.607198570589267015e+09
1.607198570653123140e+09
1.607198570717158079e+09
1.607198570797065258e+09
1.607198570861063480e+09
1.607198570925790787e+09
1.607198570989619255e+09
1.607198571053510904e+09
1.607198571133267164e+09
1.607198571197095633e+09
1.607198571261946917e+09
1.607198571325859785e+09
1.607198571389728785e+09
1.607198571453556061e+09
1.607198571533343077e+09
1.607198571597147942e+09
1.607198571661883831e+09
1.607198571725735426e+09
1.607198571789540529e+09
1.607198571869467974e+09
1.607198571933266878e+09
1.607198571997801781e+09
1.607198572061633587e+09
1.607198572125463724e+09
1.607198572205046892e+09
1.607198572269556284e+09
1.607198572333358049e+09
1.607198572397187471e+09
1.607198572461601734e+09
1.607198572525403023e+09
1.607198572605189800e+09
1.607198572669051170e+09
1.607198572733846188e+09
1.607198572797698975e+09
1.607198572861532927e+09
1.607198572941291094e+09
1.607198573005121231e+09
1.607198573069948196e+09
1.607198573132985353e+09
1.607198573197736263e+09
1.607198573277499199e+09
1.607198573341328621e+09
1.607198573405160904e+09
1.607198573469994783e+09
1.607198573533813953e+09
1.607198573597666502e+09
1.607198573677568436e+09
1.607198573741398335e+09
1.607198573805204153e+09
1.607198573869066477e+09
1.607198573933864594e+09
1.607198574013237715e+09
1.607198574077066660e+09
1.607198574141893864e+09
1.607198574205723763e+09
1.607198574269245625e+09
1.607198574333099365e+09
1.607198574413594007e+09
1.607198574477403164e+09
1.607198574541232109e+09
1.607198574605082273e+09
1.607198574669891119e+09
1.607198574749705315e+09
1.607198574813504219e+09
1.607198574877333641e+09
1.607198574941162825e+09
1.607198575005016327e+09
1.607198575085776567e+09
1.607198575149629593e+09
1.607198575213461399e+09
1.607198575277501583e+09
1.607198575341307878e+09
1.607198575405162334e+09
1.607198575485922337e+09
1.607198575549771070e+09
1.607198575613603354e+09
1.607198575677436352e+09
1.607198575741262197e+09
1.607198575821068048e+09
1.607198575885851860e+09
1.607198575949705124e+09
1.607198576013538837e+09
1.607198576077339888e+09
1.607198576141168833e+09
1.607198576221066475e+09
1.607198576285511255e+09
1.607198576349339962e+09
1.607198576413168907e+09
1.607198576476999283e+09
1.607198576557782888e+09
1.607198576621347189e+09
1.607198576685176849e+09
1.607198576749061823e+09
1.607198576813554525e+09
1.607198576893429995e+09
1.607198576957258463e+09
1.607198577021111965e+09
1.607198577085922003e+09
1.607198577149765968e+09
1.607198577213597298e+09
1.607198577293360233e+09
1.607198577357189655e+09
1.607198577421039581e+09
1.607198577484847784e+09
1.607198577549702883e+09
1.607198577629466295e+09
1.607198577693425179e+09
1.607198577757254839e+09
1.607198577821213245e+09
1.607198577885072231e+09
1.607198577949871302e+09
1.607198578029682159e+09
1.607198578093511343e+09
1.607198578157326937e+09
1.607198578221161842e+09
1.607198578285971165e+09
1.607198578365859032e+09
1.607198578429515123e+09
1.607198578493447542e+09
1.607198578557252884e+09
1.607198578621105909e+09
1.607198578701866150e+09
1.607198578765722990e+09
1.607198578829269648e+09
1.607198578894066572e+09
1.607198578957895756e+09
1.607198579021471262e+09
1.607198579101234198e+09
1.607198579165062904e+09
1.607198579229112148e+09
1.607198579293051481e+09
1.607198579357792854e+09
1.607198579437644958e+09
1.607198579501583576e+09
1.607198579565412760e+09
1.607198579629242182e+09
1.607198579693095684e+09
1.607198579757898569e+09
1.607198579837825775e+09
1.607198579901680946e+09
1.607198579965510368e+09
1.607198580029314280e+09
1.607198580093142986e+09
1.607198580173029423e+09
1.607198580237757444e+09
1.607198580301586151e+09
1.607198580365424871e+09
1.607198580429244995e+09
1.607198580509060144e+09
1.607198580573870897e+09
1.607198580637711525e+09
1.607198580701540470e+09
1.607198580765370131e+09
1.607198580829175949e+09
1.607198580909960508e+09
1.607198580973790169e+09
1.607198581037644386e+09
1.607198581101473093e+09
1.607198581165277719e+09
1.607198581245184183e+09
1.607198581309124708e+09
1.607198581373064518e+09
1.607198581437891722e+09
1.607198581501947641e+09
1.607198581565789223e+09
1.607198581645587206e+09
1.607198581709392548e+09
1.607198581773222923e+09
1.607198581838048935e+09
1.607198581901983976e+09
1.607198581980982065e+09
1.607198582045731544e+09
1.607198582109564304e+09
1.607198582173370361e+09
1.607198582237199545e+09
1.607198582316996813e+09
1.607198582381831408e+09
1.607198582445665836e+09
1.607198582509495020e+09
1.607198582573301077e+09
1.607198582637130022e+09
1.607198582717020988e+09
1.607198582781743526e+09
1.607198582845573425e+09
1.607198582909430981e+09
1.607198582973233938e+09
1.607198583053135157e+09
1.607198583116962910e+09
1.607198583181791544e+09
1.607198583245643616e+09
1.607198583309477568e+09
1.607198583373278618e+09
1.607198583453064203e+09
1.607198583517070770e+09
1.607198583581858158e+09
1.607198583645710945e+09
1.607198583709540844e+09
1.607198583789310694e+09
1.607198583853132725e+09
1.607198583917959213e+09
1.607198583981788874e+09
1.607198584045643568e+09
1.607198584125428915e+09
1.607198584189234018e+09
1.607198584253087282e+09
1.607198584317025900e+09
1.607198584381852865e+09
1.607198584445675611e+09
1.607198584525462627e+09
1.607198584589291811e+09
1.607198584653157949e+09
1.607198584717947960e+09
1.607198584781781435e+09
1.607198584861587524e+09
1.607198584925416470e+09
1.607198584989222288e+09
1.607198585053182364e+09
1.607198585117012262e+09
1.607198585197800398e+09
1.607198585261625051e+09
1.607198585325482607e+09
1.607198585389284134e+09
1.607198585453143835e+09
1.607198585517939568e+09
1.607198585596933126e+09
1.607198585661767483e+09
1.607198585725756407e+09
1.607198585789558887e+09
1.607198585853410482e+09
1.607198585933174133e+09
1.607198585998000860e+09
1.607198586061830282e+09
1.607198586125682831e+09
1.607198586189512253e+09
1.607198586253317833e+09
1.607198586333472013e+09
1.607198586397301197e+09
1.607198586461160660e+09
1.607198586525959015e+09
1.607198586589788437e+09
1.607198586669642925e+09
1.607198586733473063e+09
1.607198586797281265e+09
1.607198586861141443e+09
1.607198586925940752e+09
1.607198587005748510e+09
1.607198587069553137e+09
1.607198587133415461e+09
1.607198587197325706e+09
1.607198587261167049e+09
1.607198587325018167e+09
1.607198587405791998e+09
1.607198587469830751e+09
1.607198587533689499e+09
1.607198587597513199e+09
1.607198587661319733e+09
1.607198587741136312e+09
1.607198587805932999e+09
1.607198587869769812e+09
1.607198587933615208e+09
1.607198587997444868e+09
1.607198588061250210e+09
1.607198588141072273e+09
1.607198588205863714e+09
1.607198588269692659e+09
1.607198588333547831e+09
1.607198588397351742e+09
1.607198588477137804e+09
1.607198588541965246e+09
1.607198588605794907e+09
1.607198588669651747e+09
1.607198588733476639e+09
1.607198588813484430e+09
1.607198588877287626e+09
1.607198588941155672e+09
1.607198589004946709e+09
1.607198589069801807e+09
1.607198589133626223e+09
1.607198589213413477e+09
1.607198589277219057e+09
1.607198589341078520e+09
1.607198589405116558e+09
1.607198589469926357e+09
1.607198589549705982e+09
1.607198589613558769e+09
1.607198589677392721e+09
1.607198589741194010e+09
1.607198589805074692e+09
1.607198589869861126e+09
1.607198589949660778e+09
1.607198590013489485e+09
1.607198590077295780e+09
1.607198590141159773e+09
1.607198590205964804e+09
1.607198590285738230e+09
1.607198590349567652e+09
1.607198590413420916e+09
1.607198590477226257e+09
1.607198590541055202e+09
1.607198590621850252e+09
1.607198590685682058e+09
1.607198590749498606e+09
1.607198590813328266e+09
1.607198590877181292e+09
1.607198590941985369e+09
1.607198591021770954e+09
1.607198591085627556e+09
1.607198591149429560e+09
1.607198591213264465e+09
1.607198591277111769e+09
1.607198591357872963e+09
1.607198591421701431e+09
1.607198591485554218e+09
1.607198591549360752e+09
1.607198591613189936e+09
1.607198591677077532e+09
1.607198591757803202e+09
1.607198591821764708e+09
1.607198591885596991e+09
1.607198591949403286e+09
1.607198592014230728e+09
1.607198592093074322e+09
1.607198592157857180e+09
1.607198592221703529e+09
1.607198592285505056e+09
1.607198592349334002e+09
1.607198592429149628e+09
1.607198592493949175e+09
1.607198592557777166e+09
1.607198592621605635e+09
1.607198592685436010e+09
1.607198592749264956e+09
1.607198592829075813e+09
1.607198592893878460e+09
1.607198592957729816e+09
1.607198593021562576e+09
1.607198593085366249e+09
1.607198593165180922e+09
1.607198593229074478e+09
1.607198593293815851e+09
1.607198593357662439e+09
1.607198593421468735e+09
1.607198593485297203e+09
1.607198593565099716e+09
1.607198593629910707e+09
1.607198593693763733e+09
1.607198593757569313e+09
1.607198593821398735e+09
1.607198593901184797e+09
1.607198593965235233e+09
1.607198594030068398e+09
1.607198594093897104e+09
1.607198594157720804e+09
1.607198594237531185e+09
1.607198594301337004e+09
1.607198594365170717e+09
1.607198594429050922e+09
1.607198594493076086e+09
1.607198594557824612e+09
1.607198594637610674e+09
1.607198594701440334e+09
1.607198594765269518e+09
1.607198594829098701e+09
1.607198594893955231e+09
1.607198594973712444e+09
1.607198595037541628e+09
1.607198595101370811e+09
1.607198595165207624e+09
1.607198595230026722e+09
1.607198595293857098e+09
1.607198595373670340e+09
1.607198595437472582e+09
1.607198595501301527e+09
1.607198595565162897e+09
1.607198595629958153e+09
1.607198595709768534e+09
1.607198595773706913e+09
1.607198595837621927e+09
1.607198595901476383e+09
1.607198595965280533e+09
1.607198596045093298e+09
1.607198596109893799e+09
1.607198596173726320e+09
1.607198596237774611e+09
1.607198596301603794e+09
1.607198596365682364e+09
1.607198596445456982e+09
1.607198596509284973e+09
1.607198596573135376e+09
1.607198596636943817e+09
1.607198596701770067e+09
1.607198596781557322e+09
1.607198596845398426e+09
1.607198596909215450e+09
1.607198596973078251e+09
1.607198597037081242e+09
1.607198597101949692e+09
1.607198597181763649e+09
1.607198597245700836e+09
1.607198597309534550e+09
1.607198597373363972e+09
1.607198597437180042e+09
1.607198597517948151e+09
1.607198597581776857e+09
1.607198597645745516e+09
1.607198597709780455e+09
1.607198597773630857e+09
1.607198597853414774e+09
1.607198597917219639e+09
1.607198597981085539e+09
1.607198598045875788e+09
1.607198598109728813e+09
1.607198598173562050e+09
1.607198598253320932e+09
1.607198598317408562e+09
1.607198598381238461e+09
1.607198598445095539e+09
1.607198598509906292e+09
1.607198598589680910e+09
1.607198598653510094e+09
1.607198598717450380e+09
1.607198598781278133e+09
1.607198598845217705e+09
1.607198598925008059e+09
1.607198598989843369e+09
1.607198599053770065e+09
1.607198599117735386e+09
1.607198599181569338e+09
1.607198599245394707e+09
1.607198599325154543e+09
1.607198599389077902e+09
1.607198599453810930e+09
1.607198599517666340e+09
1.607198599581468821e+09
1.607198599661256790e+09
1.607198599725113630e+09
1.607198599789912462e+09
1.607198599853741884e+09
1.607198599917571068e+09
1.607198599981400251e+09
1.607198600061186790e+09
1.607198600125040054e+09
1.607198600189843655e+09
1.607198600253672600e+09
1.607198600317501783e+09
1.607198600397394180e+09
1.607198600461229086e+09
1.607198600525058746e+09
1.607198600588888407e+09
1.607198600653830290e+09
1.607198600733851433e+09
1.607198600797687769e+09
1.607198600861513615e+09
1.607198600925318956e+09
1.607198600989155769e+09
1.607198601053974390e+09
1.607198601133079052e+09
1.607198601197960615e+09
1.607198601261790752e+09
1.607198601325642824e+09
1.607198601389471769e+09
1.607198601469235659e+09
1.607198601533064365e+09
1.607198601596894503e+09
1.607198601661758900e+09
1.607198601725574970e+09
1.607198601789379358e+09
1.607198601869165897e+09
1.607198601932995796e+09
1.607198601997822046e+09
1.607198602061679602e+09
1.607198602125619411e+09
1.607198602205406189e+09
1.607198602269235611e+09
1.607198602333064795e+09
1.607198602397892237e+09
1.607198602461941242e+09
1.607198602541759014e+09
1.607198602605589390e+09
1.607198602669449329e+09
1.607198602733248234e+09
1.607198602797087908e+09
1.607198602860907078e+09
1.607198602941690922e+09
1.607198603005544662e+09
1.607198603069349289e+09
1.607198603133185863e+09
1.607198603197125196e+09
1.607198603276911974e+09
1.607198603341764927e+09
1.607198603405599833e+09
1.607198603469398022e+09
1.607198603533227682e+09
1.607198603598054171e+09
1.607198603677841902e+09
1.607198603741670370e+09
1.607198603805522680e+09
1.607198603869463921e+09
1.607198603933269501e+09
1.607198604013163805e+09
1.607198604077071190e+09
1.607198604141837597e+09
1.607198604205679178e+09
1.607198604269478321e+09
1.607198604349265575e+09
1.607198604413095713e+09
1.607198604477939606e+09
1.607198604541753531e+09
1.607198604605607510e+09
1.607198604669409513e+09
1.607198604749196291e+09
1.607198604813024759e+09
1.607198604876963377e+09
1.607198604941706419e+09
1.607198605005511284e+09
1.607198605085297823e+09
1.607198605149127245e+09
1.607198605212955475e+09
1.607198605277784109e+09
1.607198605341636181e+09
1.607198605405467987e+09
1.607198605485228539e+09
1.607198605549067497e+09
1.607198605613885403e+09
1.607198605677739620e+09
1.607198605741543055e+09
1.607198605821331263e+09
1.607198605885159731e+09
1.607198605949208260e+09
1.607198606013037205e+09
1.607198606077971697e+09
1.607198606157766104e+09
1.607198606221692324e+09
1.607198606285521507e+09
1.607198606349350214e+09
1.607198606413179874e+09
1.607198606477008581e+09
1.607198606557805300e+09
1.607198606621645451e+09
1.607198606685451508e+09
1.607198606749282360e+09
1.607198606813109875e+09
1.607198606893895626e+09
1.607198606957748413e+09
1.607198607021576166e+09
1.607198607085382700e+09
1.607198607149211884e+09
1.607198607214044571e+09
1.607198607293832302e+09
1.607198607357684374e+09
1.607198607421499968e+09
1.607198607485448599e+09
1.607198607549254894e+09
1.607198607630038977e+09
1.607198607692899227e+09
1.607198607757720470e+09
1.607198607821550131e+09
1.607198607885356188e+09
1.607198607965142250e+09
1.607198608029970169e+09
1.607198608093822241e+09
1.607198608157628775e+09
1.607198608221457958e+09
1.607198608285300732e+09
1.607198608366091490e+09
1.607198608429914713e+09
1.607198608493767023e+09
1.607198608557595491e+09
1.607198608621430159e+09
1.607198608701297998e+09
1.607198608765128136e+09
1.607198608829961061e+09
1.607198608893790960e+09
1.607198608957618952e+09
1.607198609021475554e+09
1.607198609101234913e+09
1.607198609165064812e+09
1.607198609229910612e+09
1.607198609293748379e+09
1.607198609357573748e+09
1.607198609437336683e+09
1.607198609501165867e+09
1.607198609565074682e+09
1.607198609629829168e+09
1.607198609693650723e+09
1.607198609773461103e+09
1.607198609837267160e+09
1.607198609901096344e+09
1.607198609965924501e+09
1.607198610029781103e+09
1.607198610093607426e+09
1.607198610173368931e+09
1.607198610237197638e+09
1.607198610301270485e+09
1.607198610366098166e+09
1.607198610428929090e+09
1.607198610509738922e+09
1.607198610573568106e+09
1.607198610637403250e+09
1.607198610701201439e+09
1.607198610765078783e+09
1.607198610845814228e+09
1.607198610909671783e+09
1.607198610973473310e+09
1.607198611037302494e+09
1.607198611101131201e+09
1.607198611164961100e+09
1.607198611245773554e+09
1.607198611309602499e+09
1.607198611373404264e+09
1.607198611437258482e+09
1.607198611501199007e+09
1.607198611581984758e+09
1.607198611645814180e+09
1.607198611709696054e+09
1.607198611773635626e+09
1.607198611837460279e+09
1.607198611901265860e+09
1.607198611981078625e+09
1.607198612045880556e+09
1.607198612109739304e+09
1.607198612173568964e+09
1.607198612237406731e+09
1.607198612317193031e+09
1.607198612381070375e+09
1.607198612445867538e+09
1.607198612509702444e+09
1.607198612573541164e+09
1.607198612653295279e+09
1.607198612717123508e+09
1.607198612781953573e+09
1.607198612845780373e+09
1.607198612909632921e+09
1.607198612973465204e+09
1.607198613053226233e+09
1.607198613117074490e+09
1.607198613181882620e+09
1.607198613245729208e+09
1.607198613309568405e+09
1.607198613389327288e+09
1.607198613453157187e+09
1.607198613516994715e+09
1.607198613582034588e+09
1.607198613645864487e+09
1.607198613709718943e+09
1.607198613789487123e+09
1.607198613853447676e+09
1.607198613917363644e+09
1.607198613981193304e+09
1.607198614046020269e+09
1.607198614125822306e+09
1.607198614189661503e+09
1.607198614253490210e+09
1.607198614317294836e+09
1.607198614381123066e+09
1.607198614461121321e+09
1.607198614525949001e+09
1.607198614589997768e+09
1.607198614653829098e+09
1.607198614717683315e+09
1.607198614781515360e+09
1.607198614861272097e+09
1.607198614925100327e+09
1.607198614989944458e+09
1.607198615053757429e+09
1.607198615117612362e+09
1.607198615197373152e+09
1.607198615261203051e+09
1.607198615325075626e+09
1.607198615389859438e+09
1.607198615453716993e+09
1.607198615517544985e+09
1.607198615597304106e+09
1.607198615661133051e+09
1.607198615725960970e+09
1.607198615789789677e+09
1.607198615853842020e+09
1.607198615933858871e+09
1.607198615997709274e+09
1.607198616061534166e+09
1.607198616125339746e+09
1.607198616189169168e+09
1.607198616269175768e+09
1.607198616333076715e+09
1.607198616397047281e+09
1.607198616461799383e+09
1.607198616525605917e+09
1.607198616589459658e+09
1.607198616669332981e+09
1.607198616733162165e+09
1.607198616797000885e+09
1.607198616861818075e+09
1.607198616925648928e+09
1.607198617005434513e+09
1.607198617069396496e+09
1.607198617133203030e+09
1.607198617197081089e+09
1.607198617261859894e+09
1.607198617325716257e+09
1.607198617405501127e+09
1.607198617469304323e+09
1.607198617533143282e+09
1.607198617596986771e+09
1.607198617661790133e+09
1.607198617741575718e+09
1.607198617805429220e+09
1.607198617869235277e+09
1.607198617933077812e+09
1.607198617997911453e+09
1.607198618077677727e+09
1.607198618141534805e+09
1.607198618205336571e+09
1.607198618269165993e+09
1.607198618332995892e+09
1.607198618397823334e+09
1.607198618477614403e+09
1.607198618541461706e+09
1.607198618605378628e+09
1.607198618669307709e+09
1.607198618733136177e+09
1.607198618813023567e+09
1.607198618877750158e+09
1.607198618941603184e+09
1.607198619005630732e+09
1.607198619069483042e+09
1.607198619133288860e+09
1.607198619214074612e+09
1.607198619277915955e+09
1.607198619341754913e+09
1.607198619405586720e+09
1.607198619469416142e+09
1.607198619549177408e+09
1.607198619613086939e+09
1.607198619677865744e+09
1.607198619741704226e+09
1.607198619805547237e+09
1.607198619885310650e+09
1.607198619949169397e+09
1.607198620013967037e+09
1.607198620077798605e+09
1.607198620141649246e+09
1.607198620205665112e+09
1.607198620285588264e+09
1.607198620349421263e+09
1.607198620413332224e+09
1.607198620478159428e+09
1.607198620541091681e+09
1.607198620621787310e+09
1.607198620685604334e+09
1.607198620749461412e+09
1.607198620813263416e+09
1.607198620877115965e+09
1.607198620941930056e+09
1.607198621021734953e+09
1.607198621085558891e+09
1.607198621149364471e+09
1.607198621213230133e+09
1.607198621278020859e+09
1.607198621357851505e+09
1.607198621421679258e+09
1.607198621485509157e+09
1.607198621549446821e+09
1.607198621613276720e+09
1.607198621693169117e+09
1.607198621757995844e+09
1.607198621821830988e+09
1.607198621885681391e+09
1.607198621949482918e+09
1.607198622013313055e+09
1.607198622093098402e+09
1.607198622157926798e+09
1.607198622221785545e+09
1.607198622285585403e+09
1.607198622349441767e+09
1.607198622429200888e+09
1.607198622493079901e+09
1.607198622557857752e+09
1.607198622621709585e+09
1.607198622685515881e+09
1.607198622765445232e+09
1.607198622829274178e+09
1.607198622893127441e+09
1.607198622956933260e+09
1.607198623021760225e+09
1.607198623085810184e+09
1.607198623165773630e+09
1.607198623229598522e+09
1.607198623293432236e+09
1.607198623357234240e+09
1.607198623422060728e+09
1.607198623501857042e+09
1.607198623565700293e+09
1.607198623629530430e+09
1.607198623693335772e+09
1.607198623757164240e+09
1.607198623821992397e+09
1.607198623901901007e+09
1.607198623965745926e+09
1.607198624029577255e+09
1.607198624093383312e+09
1.607198624157212734e+09
1.607198624237997293e+09
1.607198624301826954e+09
1.607198624365685463e+09
1.607198624429508209e+09
1.607198624493314266e+09
1.607198624573099852e+09
1.607198624637936831e+09
1.607198624701780558e+09
1.607198624765609264e+09
1.607198624829549313e+09
1.607198624893491983e+09
1.607198624973251104e+09
1.607198625037081242e+09
1.607198625101014376e+09
1.607198625164978027e+09
1.607198625229806185e+09
1.607198625309622288e+09
1.607198625373424053e+09
1.607198625437250376e+09
1.607198625501080036e+09
1.607198625565012455e+09
1.607198625629736185e+09
1.607198625709545612e+09
1.607198625773351669e+09
1.607198625837181807e+09
1.607198625901010036e+09
1.607198625965838432e+09
1.607198626045797110e+09
1.607198626109596491e+09
1.607198626173444748e+09
1.607198626237248421e+09
1.607198626301101923e+09
1.607198626381876230e+09
1.607198626445714712e+09
1.607198626509544849e+09
1.607198626573349953e+09
1.607198626637180090e+09
1.607198626701090097e+09
1.607198626781811476e+09
1.607198626845622063e+09
1.607198626909475565e+09
1.607198626973280668e+09
1.607198627037110329e+09
1.607198627117894650e+09
1.607198627181723595e+09
1.607198627245585918e+09
1.607198627309410334e+09
1.607198627373229980e+09
1.607198627437091351e+09
1.607198627517929316e+09
1.607198627581774235e+09
1.607198627645587683e+09
1.607198627709446192e+09
1.607198627773252249e+09
1.607198627853065729e+09
1.607198627917872906e+09
1.607198627981848001e+09
1.607198628045676470e+09
1.607198628109510660e+09
1.607198628189316034e+09
1.607198628253150702e+09
1.607198628317948341e+09
1.607198628381778717e+09
1.607198628445607424e+09
1.607198628509548426e+09
1.607198628589334249e+09
1.607198628653269529e+09
1.607198628717122555e+09
1.607198628781927586e+09
1.607198628845755100e+09
1.607198628925541878e+09
1.607198628989588737e+09
1.607198629053662062e+09
1.607198629117485762e+09
1.607198629181315184e+09
1.607198629245281935e+09
1.607198629325072050e+09
1.607198629388921738e+09
1.607198629453746796e+09
1.607198629517553806e+09
1.607198629581383467e+09
1.607198629661390305e+09
1.607198629725467205e+09
1.607198629789269209e+09
1.607198629853126287e+09
1.607198629917931795e+09
1.607198629997772217e+09
1.607198630061595440e+09
1.607198630125411987e+09
1.607198630189229965e+09
1.607198630253092527e+09
1.607198630317886114e+09
1.607198630397696495e+09
1.607198630461502314e+09
1.607198630525332689e+09
1.607198630589184999e+09
1.607198630653097153e+09
1.607198630733797312e+09
1.607198630797603607e+09
1.607198630861460209e+09
1.607198630925262451e+09
1.607198630989114761e+09
